30 37
(0,0)846930886(1,0)
(0,0)1804289383(0,1)
(1,0)1714636915(2,0)
(1,0)1681692777(1,1)
(2,0)424238335(3,0)
(2,0)1957747793(2,1)
(3,0)1649760492(4,0)
(3,0)719885386(3,1)
(4,0)1189641421(5,0)
(4,0)596516649(4,1)
(5,0)1350490027(6,0)
(5,0)1025202362(5,1)
(6,0)1102520059(7,0)
(6,0)783368690(6,1)
(7,0)1967513926(8,0)
(7,0)2044897763(7,1)
(8,0)1540383426(9,0)
(8,0)1365180540(8,1)
(9,0)1303455736(10,0)
(9,0)304089172(9,1)
(10,0)521595368(11,0)
(10,0)35005211(10,1)
(11,0)1726956429(12,0)
(11,0)294702567(11,1)
(12,0)861021530(13,0)
(12,0)336465782(12,1)
(13,0)233665123(14,0)
(13,0)278722862(13,1)
(14,0)468703135(15,0)
(14,0)2145174067(14,1)
(15,0)1801979802(16,0)
(15,0)1101513929(15,1)
(16,0)635723058(17,0)
(16,0)1315634022(16,1)
(17,0)1125898167(18,0)
(17,0)1369133069(17,1)
(18,0)2089018456(19,0)
(18,0)1059961393(18,1)
(19,0)1656478042(20,0)
(19,0)628175011(19,1)
(20,0)1653377373(21,0)
(20,0)1131176229(20,1)
(21,0)1914544919(22,0)
(21,0)859484421(21,1)
(22,0)756898537(23,0)
(22,0)608413784(22,1)
(23,0)1973594324(24,0)
(23,0)1734575198(23,1)
(24,0)2038664370(25,0)
(24,0)149798315(24,1)
(25,0)184803526(26,0)
(25,0)1129566413(25,1)
(26,0)1424268980(27,0)
(26,0)412776091(26,1)
(27,0)749241873(28,0)
(27,0)1911759956(27,1)
(28,0)42999170(29,0)
(28,0)137806862(28,1)
(29,0)982906996(29,1)
(0,1)511702305(1,1)
(0,1)135497281(0,2)
(1,1)1937477084(2,1)
(1,1)2084420925(1,2)
(2,1)572660336(3,1)
(2,1)1827336327(2,2)
(3,1)805750846(4,1)
(3,1)1159126505(3,2)
(4,1)1100661313(5,1)
(4,1)1632621729(4,2)
(5,1)1141616124(6,1)
(5,1)1433925857(5,2)
(6,1)939819582(7,1)
(6,1)84353895(6,2)
(7,1)1998898814(8,1)
(7,1)2001100545(7,2)
(8,1)610515434(9,1)
(8,1)1548233367(8,2)
(9,1)1374344043(10,1)
(9,1)1585990364(9,2)
(10,1)1477171087(11,1)
(10,1)760313750(10,2)
(11,1)945117276(12,1)
(11,1)356426808(11,2)
(12,1)1780695788(13,1)
(12,1)1889947178(12,2)
(13,1)491705403(14,1)
(13,1)709393584(13,2)
(14,1)752392754(15,1)
(14,1)1918502651(14,2)
(15,1)2053999932(16,1)
(15,1)1474612399(15,2)
(16,1)1411549676(17,1)
(16,1)1264095060(16,2)
(17,1)943947739(18,1)
(17,1)1843993368(17,2)
(18,1)855636226(19,1)
(18,1)1984210012(18,2)
(19,1)1469348094(20,1)
(19,1)1749698586(19,2)
(20,1)1036140795(21,1)
(20,1)1956297539(20,2)
(21,1)2040651434(22,1)
(21,1)463480570(21,2)
(22,1)317097467(23,1)
(22,1)1975960378(22,2)
(23,1)1376710097(24,1)
(23,1)1892066601(23,2)
(24,1)1330573317(25,1)
(24,1)927612902(24,2)
(25,1)1687926652(26,1)
(25,1)603570492(25,2)
(26,1)959997301(27,1)
(26,1)660260756(26,2)
(27,1)402724286(28,1)
(27,1)485560280(27,2)
(28,1)1194953865(29,1)
(28,1)593209441(28,2)
(29,1)894429689(29,2)
(0,2)1947346619(1,2)
(0,2)364228444(0,3)
(1,2)270744729(2,2)
(1,2)221558440(1,3)
(2,2)1633108117(3,2)
(2,2)1063958031(2,3)
(3,2)2007905771(4,2)
(3,2)2114738097(3,3)
(4,2)822890675(5,2)
(4,2)1469834481(4,3)
(5,2)791698927(6,2)
(5,2)1610120709(5,3)
(6,2)498777856(7,2)
(6,2)631704567(6,3)
(7,2)524872353(8,2)
(7,2)1255179497(7,3)
(8,2)1572276965(9,2)
(8,2)327254586(8,3)
(9,2)1703964683(10,2)
(9,2)269455306(9,3)
(10,2)1600028624(11,2)
(10,2)352406219(10,3)
(11,2)2040332871(12,2)
(11,2)160051528(11,3)
(12,2)1120048829(13,2)
(12,2)112805732(12,3)
(13,2)515530019(14,2)
(13,2)378409503(13,3)
(14,2)1573363368(15,2)
(14,2)1713258270(14,3)
(15,2)2077486715(16,2)
(15,2)1409959708(15,3)
(16,2)1631518149(17,2)
(16,2)1373226340(16,3)
(17,2)289700723(18,2)
(17,2)200747796(17,3)
(18,2)168002245(19,2)
(18,2)1117142618(18,3)
(19,2)439493451(20,2)
(19,2)150122846(19,3)
(20,2)1760243555(21,2)
(20,2)990892921(20,3)
(21,2)1622597488(22,2)
(21,2)1231192379(21,3)
(22,2)338888228(23,2)
(22,2)111537764(22,3)
(23,2)438792350(24,2)
(23,2)2147469841(23,3)
(24,2)269441500(25,2)
(24,2)1911165193(24,3)
(25,2)116087764(26,2)
(25,2)2142757034(25,3)
(26,2)155324914(27,2)
(26,2)1869470124(26,3)
(27,2)1982275856(28,2)
(27,2)8936987(27,3)
(28,2)387346491(29,2)
(28,2)1275373743(28,3)
(29,2)350322227(29,3)
(0,3)1960709859(1,3)
(0,3)841148365(0,4)
(1,3)771151432(2,3)
(1,3)1760281936(1,4)
(2,3)1244316437(3,3)
(2,3)1186452551(2,4)
(3,3)1476153275(4,3)
(3,3)971899228(3,4)
(4,3)1139901474(5,3)
(4,3)213975407(4,4)
(5,3)653468858(6,3)
(5,3)1626276121(5,4)
(6,3)1239036029(7,3)
(6,3)2130794395(6,4)
(7,3)1605908235(8,3)
(7,3)1884661237(7,4)
(8,3)76065818(9,3)
(8,3)1350573793(8,4)
(9,3)1789366143(10,3)
(9,3)1605894428(9,4)
(10,3)1875335928(11,3)
(10,3)1987231011(10,4)
(11,3)2103318776(12,3)
(11,3)1784639529(11,4)
(12,3)1939964443(13,3)
(12,3)1597322404(12,4)
(13,3)1432114613(14,3)
(13,3)2112255763(13,4)
(14,3)352118606(15,3)
(14,3)1067854538(14,4)
(15,3)1909002904(16,3)
(15,3)1782436840(15,4)
(16,3)1395235128(17,3)
(16,3)165344818(16,4)
(17,3)1351797369(18,3)
(17,3)532670688(17,4)
(18,3)1504569917(19,3)
(18,3)492067917(18,4)
(19,3)706043324(20,3)
(19,3)680466996(19,4)
(20,3)159259470(21,3)
(20,3)496987743(20,4)
(21,3)480298490(22,3)
(21,3)1359512183(21,4)
(22,3)1096689772(23,3)
(22,3)1398295499(22,4)
(23,3)601385644(24,3)
(23,3)2086206725(23,4)
(24,3)1544617505(25,3)
(24,3)1172755590(24,4)
(25,3)1012502954(26,3)
(25,3)243268139(25,4)
(26,3)2027907669(27,3)
(26,3)1272469786(26,4)
(27,3)722308542(28,3)
(27,3)968338082(27,4)
(28,3)933110197(29,3)
(28,3)1820388464(28,4)
(29,3)6939507(29,4)
(0,4)1285228804(1,4)
(0,4)740759355(0,5)
(1,4)502278611(2,4)
(1,4)1789376348(1,5)
(2,4)1037127828(3,4)
(2,4)1450573622(2,5)
(3,4)654887343(4,4)
(3,4)1034949299(3,5)
(4,4)392035568(5,4)
(4,4)1529195746(4,5)
(5,4)87755422(6,4)
(5,4)1335354340(5,5)
(6,4)1494613810(7,4)
(6,4)889023311(6,5)
(7,4)1369321801(8,4)
(7,4)1447267605(7,5)
(8,4)396473730(9,4)
(8,4)745425661(8,5)
(9,4)1346811305(10,4)
(9,4)1308044878(9,5)
(10,4)705178736(11,4)
(10,4)1569229320(10,5)
(11,4)434248626(12,4)
(11,4)1590079444(11,5)
(12,4)1470503465(13,4)
(12,4)1977648522(12,5)
(13,4)552473416(14,4)
(13,4)1402586708(13,5)
(14,4)188213258(15,4)
(14,4)1143408282(14,5)
(15,4)1884167637(16,4)
(15,4)559412924(15,5)
(16,4)201305624(17,4)
(16,4)1473442062(16,5)
(17,4)776532036(18,4)
(17,4)238962600(17,5)
(18,4)1273911899(19,4)
(18,4)1238433452(18,5)
(19,4)620145550(20,4)
(19,4)1431419379(19,5)
(20,4)619290071(21,4)
(20,4)1665947468(20,5)
(21,4)407487131(22,4)
(21,4)707900973(21,5)
(22,4)7684930(23,4)
(22,4)2113903881(22,5)
(23,4)711845894(24,4)
(23,4)1776808933(23,5)
(24,4)937370163(25,4)
(24,4)404158660(24,5)
(25,4)1973387981(26,4)
(25,4)2058657199(25,5)
(26,4)1501252996(27,4)
(26,4)1642548899(26,5)
(27,4)1472713773(28,4)
(27,4)260152959(27,5)
(28,4)1662739668(29,4)
(28,4)824272813(28,5)
(29,4)2025187190(29,5)
(0,5)1850952926(1,5)
(0,5)1967681095(0,6)
(1,5)1704365084(2,5)
(1,5)437116466(1,6)
(2,5)638422090(3,5)
(2,5)1176911340(2,6)
(3,5)1953443376(4,5)
(3,5)1943327684(3,6)
(4,5)1069755936(5,5)
(4,5)1876855542(4,6)
(5,5)349517445(6,5)
(5,5)1237379107(5,6)
(6,5)1856669179(7,5)
(6,5)588219756(6,6)
(7,5)995706887(8,5)
(7,5)1057418418(7,6)
(8,5)1065103348(9,5)
(8,5)1823089412(8,6)
(9,5)387451659(10,5)
(9,5)625032172(9,6)
(10,5)1562402336(11,5)
(10,5)1469262009(10,6)
(11,5)1295166342(12,5)
(11,5)298625210(11,6)
(12,5)1799878206(13,5)
(12,5)1057467587(12,6)
(13,5)382697713(14,5)
(13,5)1555319301(13,6)
(14,5)1070575321(15,5)
(14,5)476667372(14,6)
(15,5)296864819(16,5)
(15,5)260401255(15,6)
(16,5)697517721(17,5)
(16,5)774044599(16,6)
(17,5)1950955939(18,5)
(17,5)2001229904(17,6)
(18,5)1797073940(19,5)
(18,5)1335939811(18,6)
(19,5)1065311705(20,5)
(19,5)1756915667(19,6)
(20,5)846811127(21,5)
(20,5)719346228(20,6)
(21,5)1307565984(22,5)
(21,5)1414829150(21,6)
(22,5)324763920(23,5)
(22,5)555996658(22,6)
(23,5)231602422(24,5)
(23,5)155789224(23,6)
(24,5)780821396(25,5)
(24,5)1389867269(24,6)
(25,5)711645630(26,5)
(25,5)619054081(25,6)
(26,5)917679292(27,5)
(26,5)195740084(26,6)
(27,5)1253207672(28,5)
(27,5)2006811972(27,6)
(28,5)1414647625(29,5)
(28,5)570073850(28,6)
(29,5)1635905385(29,6)
(0,6)337739299(1,6)
(0,6)1046741222(0,7)
(1,6)1343606042(2,6)
(1,6)1896306640(1,7)
(2,6)446340713(3,6)
(2,6)1111783898(2,7)
(3,6)915256190(4,6)
(3,6)1197352298(3,7)
(4,6)846942590(5,6)
(4,6)1782280524(4,7)
(5,6)700108581(6,6)
(5,6)524688209(5,7)
(6,6)1371499336(7,6)
(6,6)1566288819(6,7)
(7,6)726371155(8,6)
(7,6)2114937732(7,7)
(8,6)292218004(9,6)
(8,6)1927495994(8,7)
(9,6)11614769(10,6)
(9,6)882160379(9,7)
(10,6)1662981776(11,6)
(10,6)1682085273(10,7)
(11,6)246247255(12,6)
(11,6)630668850(11,7)
(12,6)1548348142(13,6)
(12,6)1858721860(12,7)
(13,6)964445884(14,6)
(13,6)105575579(13,7)
(14,6)1520223205(15,6)
(14,6)2118421993(14,7)
(15,6)1017679567(16,6)
(15,6)452867621(15,7)
(16,6)201690613(17,6)
(16,6)1857962504(16,7)
(17,6)822262754(18,6)
(17,6)213801961(17,7)
(18,6)1411154259(19,6)
(18,6)648031326(18,7)
(19,6)282828202(20,6)
(19,6)1737518944(19,7)
(20,6)114723506(21,6)
(20,6)110613202(20,7)
(21,6)1676902021(22,6)
(21,6)982936784(21,7)
(22,6)950390868(23,6)
(22,6)1486222842(22,7)
(23,6)1266235189(24,6)
(23,6)255789528(23,7)
(24,6)1137949908(25,6)
(24,6)1242608872(24,7)
(25,6)777210498(26,6)
(25,6)1277849958(25,7)
(26,6)1908518808(27,6)
(26,6)653448036(26,7)
(27,6)364686248(28,6)
(27,6)1023457753(27,7)
(28,6)1129033333(29,6)
(28,6)1309383303(28,7)
(29,6)1329132133(29,7)
(0,7)501772890(1,7)
(0,7)1280321648(0,8)
(1,7)150517567(2,7)
(1,7)1781999754(1,8)
(2,7)1983690368(3,7)
(2,7)212251746(2,8)
(3,7)1034514500(4,7)
(3,7)364319529(3,8)
(4,7)1775473788(5,7)
(4,7)484238046(4,8)
(5,7)767066249(6,7)
(5,7)624549797(5,8)
(6,7)739273303(7,7)
(6,7)1886086990(6,8)
(7,7)1415505363(8,7)
(7,7)1750003033(7,8)
(8,7)552910253(9,7)
(8,7)78012497(8,8)
(9,7)1344247686(10,7)
(9,7)1671294892(9,8)
(10,7)661761152(11,7)
(10,7)1795519125(10,8)
(11,7)425245975(12,7)
(11,7)474613996(11,8)
(12,7)235649157(13,7)
(12,7)1315209188(12,8)
(13,7)1679895436(14,7)
(13,7)1448703729(13,8)
(14,7)430253414(15,7)
(14,7)1545032460(14,8)
(15,7)677870460(16,7)
(15,7)861543921(15,8)
(16,7)496060028(17,7)
(16,7)932026304(16,8)
(17,7)1144278050(18,7)
(17,7)828388027(17,8)
(18,7)1192707556(19,7)
(18,7)332266748(18,8)
(19,7)816504794(20,7)
(19,7)31308902(19,8)
(20,7)655858699(21,7)
(20,7)820697697(20,8)
(21,7)559301039(22,7)
(21,7)1583571043(21,8)
(22,7)1186090428(23,7)
(22,7)1395132002(22,8)
(23,7)1473144500(24,7)
(23,7)1974806403(23,8)
(24,7)1498617647(25,7)
(24,7)1739000681(24,8)
(25,7)1387036159(26,7)
(25,7)669908538(25,8)
(26,7)1144522535(27,7)
(26,7)12895151(26,8)
(27,7)1328104339(28,7)
(27,7)1812282134(27,8)
(28,7)1113502215(29,7)
(28,7)1380171692(28,8)
(29,7)860516127(29,8)
(0,8)1543755629(1,8)
(0,8)777720504(0,9)
(1,8)1455590964(2,8)
(1,8)1722060049(1,9)
(2,8)70636429(3,8)
(2,8)328298285(2,9)
(3,8)1472576335(4,8)
(3,8)136495343(3,9)
(4,8)1329202900(5,8)
(4,8)402903177(4,9)
(5,8)1219407971(6,8)
(5,8)1503885238(5,9)
(6,8)12260289(7,8)
(6,8)2416949(6,9)
(7,8)561717988(8,8)
(7,8)655495367(7,9)
(8,8)1841585795(9,8)
(8,8)1407392292(8,9)
(9,8)733053144(10,8)
(9,8)389040743(9,9)
(10,8)1887658390(11,8)
(10,8)1433102829(10,9)
(11,8)672655340(12,8)
(11,8)1402961682(11,9)
(12,8)400000569(13,8)
(12,8)1900553541(12,9)
(13,8)1081174232(14,8)
(13,8)337453826(13,9)
(14,8)1450956042(15,8)
(14,8)1780172261(14,9)
(15,8)410409117(16,8)
(15,8)1941690360(15,9)
(16,8)1516266761(17,8)
(16,8)847228023(16,9)
(17,8)1175526309(18,8)
(17,8)1866000081(17,9)
(18,8)2002495425(19,8)
(18,8)1586903190(18,9)
(19,8)1989806367(20,8)
(19,8)500618996(19,9)
(20,8)2004504234(21,8)
(20,8)1184214677(20,9)
(21,8)1186631626(22,8)
(21,8)1061730690(21,9)
(22,8)1717226057(23,8)
(22,8)2016764524(22,9)
(23,8)1276673168(24,8)
(23,8)1748349614(23,9)
(24,8)2137390358(25,8)
(24,8)1411328205(24,9)
(25,8)696947386(26,8)
(25,8)2009726312(25,9)
(26,8)1265204346(27,8)
(26,8)1877565100(26,9)
(27,8)1630634994(28,8)
(27,8)1369602726(27,9)
(28,8)1707056552(29,8)
(28,8)1665204916(28,9)
(29,8)564325578(29,9)
(0,9)1010528946(1,9)
(0,9)1297893529(0,10)
(1,9)1708302647(2,9)
(1,9)358532290(1,10)
(2,9)1874799051(3,9)
(2,9)1857756970(2,10)
(3,9)885799631(4,9)
(3,9)1426819080(3,10)
(4,9)1281830857(5,9)
(4,9)1314218593(4,10)
(5,9)1156541312(6,9)
(5,9)1386418627(5,10)
(6,9)1243439214(7,9)
(6,9)318561886(6,10)
(7,9)1505193512(8,9)
(7,9)70788355(7,10)
(8,9)1788014412(9,9)
(8,9)1112720090(8,10)
(9,9)241909610(10,9)
(9,9)1106059479(9,10)
(10,9)1095966189(11,9)
(10,9)1051858969(10,10)
(11,9)1748806355(12,9)
(11,9)104152274(11,10)
(12,9)1369356620(13,9)
(12,9)826047641(12,10)
(13,9)309198987(14,9)
(13,9)970925433(13,10)
(14,9)530498338(15,9)
(14,9)887077888(14,10)
(15,9)37487770(16,9)
(15,9)873524566(15,10)
(16,9)1232056856(17,9)
(16,9)1541027284(16,10)
(17,9)1251300606(18,9)
(17,9)1745790417(17,10)
(18,9)1025125849(19,9)
(18,9)959372260(18,10)
(19,9)126107205(20,9)
(19,9)2137100237(19,10)
(20,9)1376035217(21,9)
(20,9)159473059(20,10)
(21,9)478034945(22,9)
(21,9)1282648518(21,10)
(22,9)1353436873(23,9)
(22,9)471990783(22,10)
(23,9)1584710873(24,9)
(23,9)1983228458(23,10)
(24,9)941804289(25,9)
(24,9)993967637(24,10)
(25,9)2045826607(26,9)
(25,9)1826620483(25,10)
(26,9)1930772757(27,9)
(26,9)2037770478(26,10)
(27,9)716334471(28,9)
(27,9)1647149314(27,10)
(28,9)470591100(29,9)
(28,9)1152645729(28,10)
(29,9)1025533459(29,10)
(0,10)1001089438(1,10)
(0,10)2039723618(0,11)
(1,10)2077211388(2,10)
(1,10)1899058025(1,11)
(2,10)983631233(3,10)
(2,10)394633074(2,11)
(3,10)1645933681(4,10)
(3,10)1675518157(3,11)
(4,10)553160358(5,10)
(4,10)1943003493(4,11)
(5,10)2069110699(6,10)
(5,10)1635550270(5,11)
(6,10)864101839(7,10)
(6,10)712633417(6,11)
(7,10)1190668363(8,10)
(7,10)1204275569(7,11)
(8,10)410228794(9,10)
(8,10)1336092622(8,11)
(9,10)773319847(10,10)
(9,10)1026413173(9,11)
(10,10)1968217462(11,10)
(10,10)1404196431(10,11)
(11,10)1302539390(12,10)
(11,10)452456682(11,11)
(12,10)235745791(13,10)
(12,10)1858504292(12,11)
(13,10)427355115(14,10)
(13,10)802205057(13,11)
(14,10)1272796157(15,10)
(14,10)1388391521(14,11)
(15,10)1280631491(16,10)
(15,10)1452888574(15,11)
(16,10)1204462951(17,10)
(16,10)126401947(16,11)
(17,10)521035021(18,10)
(17,10)1210359231(17,11)
(18,10)738393740(19,10)
(18,10)40610537(18,11)
(19,10)1983614030(20,10)
(19,10)19485054(19,11)
(20,10)1655035325(21,10)
(20,10)1291554098(20,11)
(21,10)2004187516(22,10)
(21,10)1905241081(21,11)
(22,10)962033002(23,10)
(22,10)371653516(22,11)
(23,10)1707746139(24,10)
(23,10)1047372231(23,11)
(24,10)2073785404(25,10)
(24,10)1372261796(24,11)
(25,10)628974580(26,10)
(25,10)333582338(25,11)
(26,10)786039021(27,10)
(26,10)1894519218(26,11)
(27,10)1605539862(28,10)
(27,10)1931513970(27,11)
(28,10)586235379(29,10)
(28,10)1021784812(28,11)
(29,10)2032894977(29,11)
(0,11)1859031536(1,11)
(0,11)262692685(0,12)
(1,11)1543324176(2,11)
(1,11)1338299904(1,12)
(2,11)395279207(3,11)
(2,11)1985433483(2,12)
(3,11)358984857(4,11)
(3,11)606199759(3,12)
(4,11)1344593499(5,11)
(4,11)435889744(4,12)
(5,11)272020127(6,11)
(5,11)378469911(5,12)
(6,11)2033505236(7,11)
(6,11)488663950(6,12)
(7,11)345367818(8,11)
(7,11)29777560(7,12)
(8,11)991810563(9,11)
(8,11)257675105(8,12)
(9,11)1965421244(10,11)
(9,11)1392740049(9,12)
(10,11)1319041805(11,11)
(10,11)216588711(10,12)
(11,11)845563291(12,11)
(11,11)151519934(11,12)
(12,11)937558955(13,11)
(12,11)1066077375(12,12)
(13,11)524133589(14,11)
(13,11)629593614(13,12)
(14,11)1215828993(15,11)
(14,11)1959343768(14,12)
(15,11)74552805(16,11)
(15,11)409544918(15,12)
(16,11)1747844822(17,11)
(16,11)927376882(16,12)
(17,11)765326717(18,11)
(17,11)1617876982(17,12)
(18,11)76593093(19,11)
(18,11)2143124030(18,12)
(19,11)431530126(20,11)
(19,11)1124311574(19,12)
(20,11)1502781486(21,11)
(20,11)1421186593(20,12)
(21,11)1909850543(22,11)
(21,11)703550253(21,12)
(22,11)733327814(23,11)
(22,11)1388803074(22,12)
(23,11)1646478179(24,11)
(23,11)107734713(23,12)
(24,11)1500474762(25,11)
(24,11)1725138377(24,12)
(25,11)1941727088(26,11)
(25,11)1464415775(25,12)
(26,11)1615935710(27,11)
(26,11)672032919(26,12)
(27,11)1738110294(28,11)
(27,11)639806732(27,12)
(28,11)1269400346(29,11)
(28,11)406011017(28,12)
(29,11)114760235(29,12)
(0,12)337745691(1,12)
(0,12)217871137(0,13)
(1,12)292423943(2,12)
(1,12)524305153(1,13)
(2,12)124666328(3,12)
(2,12)1265122573(2,13)
(3,12)2030449291(4,12)
(3,12)1910300925(3,13)
(4,12)1986894018(5,12)
(4,12)120306710(4,13)
(5,12)551836836(6,12)
(5,12)1007277217(5,13)
(6,12)362575055(7,12)
(6,12)1260596963(6,13)
(7,12)1022963858(8,12)
(7,12)1255387090(7,13)
(8,12)1988714904(9,12)
(8,12)1751378130(8,13)
(9,12)1250372661(10,12)
(9,12)1130698571(9,13)
(10,12)483689685(11,12)
(10,12)1566369633(10,13)
(11,12)1360613073(12,12)
(11,12)567304789(11,13)
(12,12)35756851(13,12)
(12,12)1155722604(12,13)
(13,12)746349250(14,12)
(13,12)2000419805(13,13)
(14,12)1122336503(15,12)
(14,12)441767868(14,13)
(15,12)659639006(16,12)
(15,12)861109485(15,13)
(16,12)1385414639(17,12)
(16,12)1460082195(16,13)
(17,12)577721120(18,12)
(17,12)952062949(17,13)
(18,12)714880226(19,12)
(18,12)1510080967(18,13)
(19,12)1630387677(20,12)
(19,12)460686763(19,13)
(20,12)1467963981(21,12)
(20,12)554290596(20,13)
(21,12)1814887560(22,12)
(21,12)34740865(21,13)
(22,12)1290127955(23,12)
(22,12)1830539036(22,13)
(23,12)1434433518(24,12)
(23,12)690367770(23,13)
(24,12)1821066342(25,12)
(24,12)1131359211(24,13)
(25,12)550245196(26,12)
(25,12)537322532(25,13)
(26,12)1104627321(27,12)
(26,12)157272379(26,13)
(27,12)1312994984(28,12)
(27,12)1910858270(27,13)
(28,12)1763794427(29,12)
(28,12)1140384172(28,13)
(29,12)2059344234(29,13)
(0,13)738647283(1,13)
(0,13)1582152040(0,14)
(1,13)94307398(2,13)
(1,13)772970072(1,14)
(2,13)10901063(3,13)
(2,13)51245830(2,14)
(3,13)628966950(4,13)
(3,13)1046370347(3,14)
(4,13)1761250573(5,13)
(4,13)1520982030(4,14)
(5,13)1003886059(6,13)
(5,13)1089653714(5,14)
(6,13)410134047(7,13)
(6,13)168057522(6,14)
(7,13)1982945082(8,13)
(7,13)1038626924(7,14)
(8,13)181271232(9,13)
(8,13)93189435(8,14)
(9,13)1527622954(10,13)
(9,13)525829204(9,14)
(10,13)199411898(11,13)
(10,13)1312630443(10,14)
(11,13)1862875640(12,13)
(11,13)2064945486(11,14)
(12,13)1022089159(13,13)
(12,13)356684278(12,14)
(13,13)1669679262(14,13)
(13,13)1626250262(13,14)
(14,13)1242561041(15,13)
(14,13)14989683(14,14)
(15,13)1597141723(16,13)
(15,13)1581539848(15,14)
(16,13)207026272(17,13)
(16,13)1981208324(16,14)
(17,13)2032454154(18,13)
(17,13)1691449122(17,14)
(18,13)590335821(19,13)
(18,13)217927335(18,14)
(19,13)1738909365(20,13)
(19,13)513937457(19,14)
(20,13)1603591171(21,13)
(20,13)204102747(20,14)
(21,13)372160269(22,13)
(21,13)595311776(21,14)
(22,13)1633938701(23,13)
(22,13)2013725218(22,14)
(23,13)2106914653(24,13)
(23,13)207621703(23,14)
(24,13)733450907(25,13)
(24,13)1815209933(24,14)
(25,13)980356728(26,13)
(25,13)1487053959(25,14)
(26,13)1404515797(27,13)
(26,13)932862806(26,14)
(27,13)1289547084(28,13)
(27,13)695748720(27,14)
(28,13)174515334(29,13)
(28,13)279121308(28,14)
(29,13)811742698(29,14)
(0,14)1417076376(1,14)
(0,14)294110991(0,15)
(1,14)1891252715(2,14)
(1,14)245798898(1,15)
(2,14)452825171(3,14)
(2,14)1250801052(2,15)
(3,14)1135771559(4,14)
(3,14)1435218189(3,15)
(4,14)2025554010(5,14)
(4,14)670752506(4,15)
(5,14)262178224(6,14)
(5,14)1649709016(5,15)
(6,14)1105816539(7,14)
(6,14)82173109(6,15)
(7,14)454333378(8,14)
(7,14)857490000(7,15)
(8,14)343945053(9,14)
(8,14)972058109(8,15)
(9,14)931489114(10,14)
(9,14)661955081(9,15)
(10,14)1395405989(11,14)
(10,14)11671338(10,15)
(11,14)992028067(12,14)
(11,14)271059426(11,15)
(12,14)1675575223(13,14)
(12,14)180785147(12,15)
(13,14)1470332231(14,14)
(13,14)1687776787(13,15)
(14,14)1862292122(15,14)
(14,14)1954696532(14,15)
(15,14)101323875(16,14)
(15,14)134591281(15,15)
(16,14)380390179(17,14)
(16,14)1131884850(16,15)
(17,14)235202254(18,14)
(17,14)1992576590(17,15)
(18,14)1280311131(19,14)
(18,14)833215350(18,15)
(19,14)1503967857(20,14)
(19,14)1370973813(19,15)
(20,14)873199181(21,14)
(20,14)1158381494(20,15)
(21,14)1240554603(22,14)
(21,14)1766146081(21,15)
(22,14)476152433(23,14)
(22,14)1979015720(22,15)
(23,14)803590181(24,14)
(23,14)1694887982(23,15)
(24,14)209359415(25,14)
(24,14)820097487(24,15)
(25,14)831768825(26,14)
(25,14)1735079296(25,15)
(26,14)2006138722(27,14)
(26,14)1604765404(26,15)
(27,14)1785550551(28,14)
(27,14)1823796892(27,15)
(28,14)1364090032(29,14)
(28,14)1534230297(28,15)
(29,14)1108399134(29,15)
(0,15)1078898506(1,15)
(0,15)1341443181(0,16)
(1,15)1442767057(2,15)
(1,15)1242990415(1,16)
(2,15)1623380595(3,15)
(2,15)63299708(2,16)
(3,15)298501962(4,15)
(3,15)1287859999(3,16)
(4,15)420687483(5,15)
(4,15)309112297(4,16)
(5,15)1813080154(6,15)
(5,15)1669475776(5,16)
(6,15)395191309(7,15)
(6,15)1579068977(6,16)
(7,15)672139932(8,15)
(7,15)1431742587(7,16)
(8,15)1907895021(9,15)
(8,15)226723382(8,16)
(9,15)1030313563(10,15)
(9,15)219544266(9,16)
(10,15)428903682(11,15)
(10,15)580508860(10,16)
(11,15)1412277685(12,15)
(11,15)617909211(11,16)
(12,15)476564285(13,15)
(12,15)2033669086(12,16)
(13,15)1671735990(14,15)
(13,15)1088590930(13,16)
(14,15)305197314(15,15)
(14,15)2010794583(14,16)
(15,15)1204754116(16,15)
(15,15)632651476(15,16)
(16,15)1875641892(17,15)
(16,15)1384095820(16,16)
(17,15)1447395528(18,15)
(17,15)500037525(17,16)
(18,15)1787897525(19,15)
(18,15)1351538839(18,16)
(19,15)1660651136(20,15)
(19,15)1745897490(19,16)
(20,15)1267889618(21,15)
(20,15)61101360(20,16)
(21,15)1640170337(22,15)
(21,15)1326247643(21,16)
(22,15)610506582(23,15)
(22,15)1663080928(22,16)
(23,15)1889804310(24,15)
(23,15)164826621(23,16)
(24,15)384370888(25,15)
(24,15)370917955(24,16)
(25,15)951426815(26,15)
(25,15)772634225(25,16)
(26,15)1390543437(27,15)
(26,15)813274570(26,16)
(27,15)699460008(28,15)
(27,15)216220853(27,16)
(28,15)1304811783(29,15)
(28,15)1867107722(28,16)
(29,15)223712350(29,16)
(0,16)1610009097(1,16)
(0,16)1730418657(0,17)
(1,16)787689126(2,16)
(1,16)856363827(1,17)
(2,16)584522071(3,16)
(2,16)846621269(2,17)
(3,16)146533149(4,16)
(3,16)1287726651(3,17)
(4,16)928140528(5,16)
(4,16)1936060910(4,17)
(5,16)1449228398(6,16)
(5,16)1892430639(5,17)
(6,16)1012836610(7,16)
(6,16)989241888(6,17)
(7,16)481928577(8,16)
(7,16)627992393(7,17)
(8,16)1238498976(9,16)
(8,16)528433890(8,17)
(9,16)270754552(10,16)
(9,16)646755199(9,17)
(10,16)1031126087(11,16)
(10,16)1609416931(10,17)
(11,16)413360099(12,16)
(11,16)1043388777(11,17)
(12,16)286448566(13,16)
(12,16)1844400657(12,17)
(13,16)396377017(14,16)
(13,16)629580952(13,17)
(14,16)1934392735(15,16)
(14,16)6072641(14,17)
(15,16)1736491298(16,16)
(15,16)620089368(15,17)
(16,16)1476453195(17,16)
(16,16)1396918184(16,17)
(17,16)96055805(18,16)
(17,16)376696776(17,17)
(18,16)1664423428(19,16)
(18,16)2060975266(18,17)
(19,16)1849552528(20,16)
(19,16)242588954(19,17)
(20,16)2135019593(21,16)
(20,16)445080308(20,17)
(21,16)1434322197(22,16)
(21,16)1151297278(21,17)
(22,16)1779289672(23,16)
(22,16)1000372555(22,17)
(23,16)1528806445(24,16)
(23,16)1916250774(23,17)
(24,16)415522325(25,16)
(24,16)870305000(24,17)
(25,16)332238283(26,16)
(25,16)1799560997(25,17)
(26,16)695466127(27,16)
(26,16)1446648412(26,17)
(27,16)1143565421(28,16)
(27,16)745598382(27,17)
(28,16)1375179334(29,16)
(28,16)981914693(28,17)
(29,16)1539942439(29,17)
(0,17)1162088421(1,17)
(0,17)987987334(0,18)
(1,17)576994985(2,17)
(1,17)12548159(1,18)
(2,17)1489001354(3,17)
(2,17)411522957(2,18)
(3,17)507578762(4,17)
(3,17)953691761(3,18)
(4,17)470631541(5,17)
(4,17)1402492972(4,18)
(5,17)1104561852(6,17)
(5,17)750167716(5,18)
(6,17)737703662(7,17)
(6,17)915711850(6,18)
(7,17)202550399(8,17)
(7,17)108375482(7,18)
(8,17)1887665154(9,17)
(8,17)1738076217(8,18)
(9,17)1119399015(10,17)
(9,17)2118801173(9,18)
(10,17)386839851(11,17)
(10,17)610486506(10,18)
(11,17)942724790(12,17)
(11,17)771476364(11,18)
(12,17)1466942491(13,17)
(12,17)1833488263(12,18)
(13,17)829570037(14,17)
(13,17)1688323172(13,18)
(14,17)916018859(15,17)
(14,17)301373537(14,18)
(15,17)1289360871(16,17)
(15,17)222028828(15,18)
(16,17)234576987(17,17)
(16,17)2078107280(16,18)
(17,17)342146590(18,17)
(17,17)1866355856(17,18)
(18,17)672563970(19,17)
(18,17)1723578341(18,18)
(19,17)978587665(20,17)
(19,17)849725352(19,18)
(20,17)1599893069(21,17)
(20,17)1143195511(20,18)
(21,17)2058907361(22,17)
(21,17)2083149517(21,18)
(22,17)44041351(23,17)
(22,17)190113083(22,18)
(23,17)1928189300(24,17)
(23,17)113974112(23,18)
(24,17)85291638(25,17)
(24,17)1931706506(24,18)
(25,17)394709364(26,17)
(25,17)900104667(25,18)
(26,17)1671581032(27,17)
(26,17)472131489(26,18)
(27,17)158136104(28,17)
(27,17)1337434154(27,18)
(28,17)878273679(29,17)
(28,17)991039875(28,18)
(29,17)987706141(29,18)
(0,18)1794292538(1,18)
(0,18)1292413412(0,19)
(1,18)434290636(2,18)
(1,18)1209734969(1,19)
(2,18)1444311956(3,18)
(2,18)1724916170(2,19)
(3,18)2067062760(4,18)
(3,18)153162844(3,19)
(4,18)825726814(5,18)
(4,18)1020406649(4,19)
(5,18)1998994314(6,18)
(5,18)769304465(5,19)
(6,18)221713886(7,18)
(6,18)1968922326(6,19)
(7,18)1880346039(8,18)
(7,18)1934660183(7,19)
(8,18)1978701535(9,18)
(8,18)411826969(8,19)
(9,18)192532621(10,18)
(9,18)1994320152(9,19)
(10,18)2079611790(11,18)
(10,18)1762924393(10,19)
(11,18)10150109(12,18)
(11,18)1092637289(11,19)
(12,18)616734673(13,18)
(12,18)404259631(12,19)
(13,18)562395735(14,18)
(13,18)1347584264(13,19)
(14,18)78374295(15,18)
(14,18)1607774548(14,19)
(15,18)752704313(16,18)
(15,18)1550101877(15,19)
(16,18)612353198(17,18)
(16,18)1872666833(16,19)
(17,18)1450099355(18,18)
(17,18)1186994949(17,19)
(18,18)1340157793(19,18)
(18,18)2056665155(18,19)
(19,18)929588156(20,18)
(19,18)1369678468(19,19)
(20,18)2138982933(21,18)
(20,18)18400960(20,19)
(21,18)1987323286(22,18)
(21,18)781098823(21,19)
(22,18)568275358(23,18)
(22,18)213213171(22,19)
(23,18)625040140(24,18)
(23,18)1720185677(23,19)
(24,18)1567022181(25,18)
(24,18)399493245(24,19)
(25,18)14933990(26,18)
(25,18)817572761(25,19)
(26,18)1910210050(27,18)
(26,18)1499150323(26,19)
(27,18)1903409954(28,18)
(27,18)25084100(27,19)
(28,18)1372668364(29,18)
(28,18)379461075(28,19)
(29,18)318322042(29,19)
(0,19)1451042659(1,19)
(0,19)1987235624(0,20)
(1,19)592456289(2,19)
(1,19)1868423919(1,20)
(2,19)333293469(3,19)
(2,19)1176225844(2,20)
(3,19)478841551(4,19)
(3,19)1779451238(3,20)
(4,19)972125383(5,19)
(4,19)242474976(4,20)
(5,19)1172063133(6,19)
(5,19)1848520019(5,20)
(6,19)1840019304(7,19)
(6,19)990526343(6,20)
(7,19)830365981(8,19)
(7,19)1953161956(7,20)
(8,19)373953666(9,19)
(8,19)2053232475(8,20)
(9,19)530788967(10,19)
(9,19)403068011(9,20)
(10,19)1970090192(11,19)
(10,19)773446912(10,20)
(11,19)788380902(12,19)
(11,19)1348361729(11,20)
(12,19)1111088131(13,19)
(12,19)1321756868(12,20)
(13,19)1077683174(14,19)
(13,19)813465002(13,20)
(14,19)38649718(15,19)
(14,19)1490549207(14,20)
(15,19)1330301183(16,19)
(15,19)1396005216(15,20)
(16,19)1116945487(17,19)
(16,19)1489692377(16,20)
(17,19)518434573(18,19)
(17,19)1922757472(17,20)
(18,19)1554725062(19,19)
(18,19)1450238957(18,20)
(19,19)1692713933(20,19)
(19,19)997276125(19,20)
(20,19)698312496(21,19)
(20,19)379366797(20,20)
(21,19)1369893141(22,19)
(21,19)717293418(21,20)
(22,19)522971726(23,19)
(22,19)390848153(22,20)
(23,19)296596980(24,19)
(23,19)52775474(23,20)
(24,19)455843485(25,19)
(24,19)896925393(24,20)
(25,19)1670372305(26,19)
(25,19)827385948(25,20)
(26,19)28264029(27,19)
(26,19)278450030(26,20)
(27,19)1600206898(28,19)
(27,19)311269559(27,20)
(28,19)1124734562(29,19)
(28,19)1139352160(28,20)
(29,19)530406424(29,20)
(0,20)1163384280(1,20)
(0,20)482417719(0,21)
(1,20)1812718902(2,20)
(1,20)1926411641(1,21)
(2,20)895873480(3,20)
(2,20)505593010(2,21)
(3,20)1024027583(4,20)
(3,20)1587992726(3,21)
(4,20)995234140(5,20)
(4,20)198628789(4,21)
(5,20)1891342723(6,20)
(5,20)2021303708(5,21)
(6,20)572132557(7,20)
(6,20)1374600938(6,21)
(7,20)597010431(8,20)
(7,20)461152493(7,21)
(8,20)984124220(9,20)
(8,20)962980710(8,21)
(9,20)1259577690(10,20)
(9,20)649785905(9,21)
(10,20)1105629391(11,20)
(10,20)1881049613(10,21)
(11,20)1403938270(12,20)
(11,20)2086963638(11,21)
(12,20)2115227667(13,20)
(12,20)1384079421(12,21)
(13,20)836802671(14,20)
(13,20)1715207829(13,21)
(14,20)692458743(15,20)
(14,20)1107096180(14,21)
(15,20)1589513899(16,20)
(15,20)1367209095(15,21)
(16,20)1146137088(17,20)
(16,20)1855843024(16,21)
(17,20)213952386(18,20)
(17,20)1254749154(17,21)
(18,20)695258232(19,20)
(18,20)2042010569(18,21)
(19,20)93155710(20,20)
(19,20)1237979969(19,21)
(20,20)1111800030(21,20)
(20,20)1690492373(20,21)
(21,20)917609663(22,20)
(21,20)1984498433(21,21)
(22,20)298167279(23,20)
(22,20)1683932587(22,21)
(23,20)499429649(24,20)
(23,20)1514620094(23,21)
(24,20)16922351(25,20)
(24,20)1282291499(24,21)
(25,20)1015857464(26,20)
(25,20)1759007339(25,21)
(26,20)1698487330(27,20)
(26,20)1122551742(26,21)
(27,20)359147515(28,20)
(27,20)272312086(27,21)
(28,20)1987519915(29,20)
(28,20)1666231349(28,21)
(29,20)1195950186(29,21)
(0,21)532495011(1,21)
(0,21)625843881(0,22)
(1,21)67874133(2,21)
(1,21)415675634(1,22)
(2,21)1561812722(3,21)
(2,21)240854387(2,22)
(3,21)454806773(4,21)
(3,21)1322623287(3,22)
(4,21)2017881519(5,21)
(4,21)1456339643(4,22)
(5,21)1549495354(6,21)
(5,21)1692786742(5,22)
(6,21)657103124(7,21)
(6,21)1560890244(6,22)
(7,21)331016259(8,21)
(7,21)1386510139(7,22)
(8,21)1684677418(9,21)
(8,21)193552063(8,22)
(9,21)692981712(10,21)
(9,21)1845636353(9,22)
(10,21)1862558705(11,21)
(10,21)819485269(10,22)
(11,21)1835342733(12,21)
(11,21)304505404(11,22)
(12,21)2002992734(13,21)
(12,21)837626799(12,22)
(13,21)1196774315(14,21)
(13,21)2107654819(13,22)
(14,21)1947691087(15,21)
(14,21)1521740435(14,22)
(15,21)100669(16,21)
(15,21)245240853(15,22)
(16,21)660916487(17,21)
(16,21)332702450(16,22)
(17,21)573556837(18,21)
(17,21)67974802(17,22)
(18,21)1390598089(19,21)
(18,21)75245562(18,22)
(19,21)1531585205(20,21)
(19,21)1028363610(19,22)
(20,21)573666704(21,21)
(20,21)1260995960(20,22)
(21,21)674402557(22,21)
(21,21)933596911(21,22)
(22,21)172623403(23,21)
(22,21)1230769829(22,22)
(23,21)1424321892(24,21)
(23,21)1005418816(23,22)
(24,21)703571522(25,21)
(24,21)1857300821(24,22)
(25,21)529302443(26,21)
(25,21)2117303605(25,22)
(26,21)274325361(27,21)
(26,21)418646579(26,22)
(27,21)1256273378(28,21)
(27,21)217161528(27,22)
(28,21)177332700(29,21)
(28,21)129834447(28,22)
(29,21)305564045(29,22)
(0,22)2125023787(1,22)
(0,22)1651574882(0,23)
(1,22)1651675551(2,22)
(1,22)550804899(1,23)
(2,22)1211721386(3,22)
(2,22)310242589(2,23)
(3,22)883799426(4,22)
(3,22)1719650353(3,23)
(4,22)962764794(5,22)
(4,22)1286966948(4,23)
(5,22)671068506(6,22)
(5,22)1912163036(5,23)
(6,22)338346092(7,22)
(6,22)76277107(6,23)
(7,22)750679664(8,22)
(7,22)1604665417(7,23)
(8,22)1777288820(9,22)
(8,22)1569115921(8,23)
(9,22)845954166(10,22)
(9,22)1756098480(9,23)
(10,22)312186354(11,22)
(10,22)1487105994(10,23)
(11,22)2016408437(12,22)
(11,22)815774123(11,23)
(12,22)1090099484(13,22)
(12,22)730832933(12,23)
(13,22)1987106312(14,22)
(13,22)86086317(13,23)
(14,22)263419017(15,22)
(14,22)1219933931(14,23)
(15,22)724025165(16,22)
(15,22)145186709(15,23)
(16,22)695991608(17,22)
(16,22)240959156(16,23)
(17,22)551201745(18,22)
(17,22)228217069(17,23)
(18,22)1947867422(19,22)
(18,22)1907712995(18,23)
(19,22)1047196295(20,22)
(19,22)1435001171(19,23)
(20,22)1199680559(21,22)
(20,22)763148569(20,23)
(21,22)839425676(22,22)
(21,22)1718264801(21,23)
(22,22)1175446571(23,22)
(22,22)1538026652(22,23)
(23,22)959658925(24,22)
(23,22)1590105340(23,23)
(24,22)1198720172(25,22)
(24,22)805251743(24,23)
(25,22)144874089(26,22)
(25,22)1805613091(25,23)
(26,22)473903566(27,22)
(26,22)1510906527(26,23)
(27,22)94255812(28,22)
(27,22)13798878(27,23)
(28,22)99885196(29,22)
(28,22)1564003050(28,23)
(29,22)2081362124(29,23)
(0,23)363304213(1,23)
(0,23)636453333(0,24)
(1,23)1360478499(2,23)
(1,23)79065186(1,24)
(2,23)775056794(3,23)
(2,23)604263370(2,24)
(3,23)1155465115(4,23)
(3,23)1588695568(3,24)
(4,23)1389079342(5,23)
(4,23)535286141(4,24)
(5,23)1582482437(6,23)
(5,23)442982639(5,24)
(6,23)1642663198(7,23)
(6,23)4744263(6,24)
(7,23)844169939(8,23)
(7,23)1153263590(7,24)
(8,23)181226513(9,23)
(8,23)1033206202(8,24)
(9,23)1992865128(10,23)
(9,23)286791631(9,24)
(10,23)1485511804(11,23)
(10,23)986478257(10,24)
(11,23)1131352346(12,23)
(11,23)1650994571(11,24)
(12,23)2124898138(13,23)
(12,23)848934683(12,24)
(13,23)943190495(14,23)
(13,23)1145151225(13,24)
(14,23)1245036421(15,23)
(14,23)1541417540(14,24)
(15,23)30387226(16,23)
(15,23)877068972(15,24)
(16,23)956134158(17,23)
(16,23)1608340634(16,24)
(17,23)65120356(18,23)
(17,23)1390865725(17,24)
(18,23)832077645(19,23)
(18,23)1731190952(18,24)
(19,23)118993446(20,23)
(19,23)1220585472(19,24)
(20,23)1663568111(21,23)
(20,23)73673339(20,24)
(21,23)78417603(22,23)
(21,23)1701475883(21,24)
(22,23)707255825(23,23)
(22,23)1158747661(22,24)
(23,23)44470216(24,23)
(23,23)922587542(23,24)
(24,23)1209379174(25,23)
(24,23)888482339(24,24)
(25,23)1874960596(26,23)
(25,23)2037335344(25,24)
(26,23)1540846267(27,23)
(26,23)547407330(26,24)
(27,23)1396342013(28,23)
(27,23)858829294(27,24)
(28,23)2003980519(29,23)
(28,23)1518260757(28,24)
(29,23)192048860(29,24)
(0,24)1101533292(1,24)
(0,24)912194650(0,25)
(1,24)942581876(2,24)
(1,24)1069117832(1,25)
(2,24)2025251990(3,24)
(2,24)562390279(2,25)
(3,24)627510635(4,24)
(3,24)185963953(3,25)
(4,24)1018041598(5,24)
(4,24)1608959295(4,25)
(5,24)1727952741(6,24)
(5,24)1848096107(5,25)
(6,24)1364180570(7,24)
(6,24)1091714937(6,25)
(7,24)1170132540(8,24)
(7,24)1281944976(7,25)
(8,24)1989200801(9,24)
(8,24)375444584(8,25)
(9,24)419914800(10,24)
(9,24)2092720083(9,25)
(10,24)1154615609(11,24)
(10,24)730199492(10,25)
(11,24)457676440(12,24)
(11,24)309766496(11,25)
(12,24)1850612763(13,24)
(12,24)1702022939(12,25)
(13,24)950881304(14,24)
(13,24)1316505735(13,25)
(14,24)1173002606(15,24)
(14,24)1221389873(14,25)
(15,24)2133584523(16,24)
(15,24)1142930164(15,25)
(16,24)64564349(17,24)
(16,24)127052251(16,25)
(17,24)689442530(18,24)
(17,24)928682751(17,25)
(18,24)1114646704(19,24)
(18,24)2089816339(18,25)
(19,24)1551291986(20,24)
(19,24)1316953165(19,25)
(20,24)1017565625(21,24)
(20,24)2132688302(20,25)
(21,24)1076919591(22,24)
(21,24)1131761079(21,25)
(22,24)266222407(23,24)
(22,24)234262547(22,25)
(23,24)609707131(24,24)
(23,24)99568484(23,25)
(24,24)44804919(25,24)
(24,24)107939561(24,25)
(25,24)838139053(26,24)
(25,24)1029621931(25,25)
(26,24)1339388427(27,24)
(26,24)1199420528(26,25)
(27,24)753959819(28,24)
(27,24)1295815494(27,25)
(28,24)464837581(29,24)
(28,24)1042517543(28,25)
(29,24)1704841123(29,25)
(0,25)1637840187(1,25)
(0,25)116423768(0,26)
(1,25)102524643(2,25)
(1,25)700287639(1,26)
(2,25)764851988(3,25)
(2,25)1764892438(2,26)
(3,25)306851320(4,25)
(3,25)1031207394(3,26)
(4,25)2145854098(5,25)
(4,25)707184680(4,26)
(5,25)110993018(6,25)
(5,25)1623804486(5,26)
(6,25)493886463(7,25)
(6,25)2131058752(6,26)
(7,25)1060494695(8,25)
(7,25)1242754098(7,26)
(8,25)1508976505(9,25)
(8,25)728149010(8,26)
(9,25)1337856142(10,25)
(9,25)1160063179(9,26)
(10,25)1204868098(11,25)
(10,25)1616916066(10,26)
(11,25)307571472(12,25)
(11,25)219994425(11,26)
(12,25)1559382853(13,25)
(12,25)256804978(12,26)
(13,25)1010764797(14,25)
(13,25)1603386966(13,26)
(14,25)2068224547(15,25)
(14,25)454416748(14,26)
(15,25)570840516(16,25)
(15,25)568122272(15,26)
(16,25)1268409912(17,25)
(16,25)1558581086(16,26)
(17,25)1175989877(18,25)
(17,25)673365159(17,26)
(18,25)1704572553(19,25)
(18,25)2033261900(18,26)
(19,25)592962932(20,25)
(19,25)1482841197(19,26)
(20,25)959162035(21,25)
(20,25)1702943003(20,26)
(21,25)1686518107(22,25)
(21,25)703955951(21,26)
(22,25)1946710049(23,25)
(22,25)1453048498(22,26)
(23,25)33713861(24,25)
(23,25)599529154(23,26)
(24,25)1759592334(25,25)
(24,25)1308202906(24,26)
(25,25)777635325(26,25)
(25,25)1371570003(25,26)
(26,25)1591564428(27,25)
(26,25)816976784(26,26)
(27,25)1073781763(28,25)
(27,25)1085206797(27,26)
(28,25)541110115(29,25)
(28,25)1003463633(28,26)
(29,25)2084546560(29,26)
(0,26)461851014(1,26)
(0,26)1457880381(0,27)
(1,26)2028720897(2,26)
(1,26)505185185(1,27)
(2,26)1773595097(3,26)
(2,26)2020432100(2,27)
(3,26)1048938329(4,26)
(3,26)554602408(3,27)
(4,26)111691313(5,26)
(4,26)1659373349(4,27)
(5,26)104852634(6,26)
(5,26)384295879(5,27)
(6,26)1343457914(7,26)
(6,26)1814634316(6,27)
(7,26)1353668775(8,26)
(7,26)808808585(7,27)
(8,26)608034986(9,26)
(8,26)649022765(8,27)
(9,26)682736626(10,26)
(9,26)1953197930(9,27)
(10,26)1565306616(11,26)
(10,26)1916237892(10,27)
(11,26)546389569(12,26)
(11,26)2054306629(11,27)
(12,26)1498387409(13,26)
(12,26)234799752(12,27)
(13,26)1308581515(14,26)
(13,26)1631596366(13,27)
(14,26)25222833(15,26)
(14,26)354367395(14,27)
(15,26)1812247776(16,26)
(15,26)1245644428(15,27)
(16,26)1750829613(17,26)
(16,26)487073847(16,27)
(17,26)360022300(18,26)
(17,26)1693485026(17,27)
(18,26)100603786(19,26)
(18,26)1376941062(18,27)
(19,26)888830763(20,26)
(19,26)1408960629(19,27)
(20,26)1793256508(21,26)
(20,26)212295100(20,27)
(21,26)2026929416(22,26)
(21,26)993683397(21,27)
(22,26)1802491982(23,26)
(22,26)989230775(22,27)
(23,26)1638253540(24,26)
(23,26)1233114544(23,27)
(24,26)1038828826(25,26)
(24,26)263043320(24,27)
(25,26)31797565(26,26)
(25,26)173506518(25,27)
(26,26)80329499(27,26)
(26,26)456651794(26,27)
(27,26)691451546(28,26)
(27,26)578187134(27,27)
(28,26)62299853(29,26)
(28,26)1578716908(28,27)
(29,26)2000033062(29,27)
(0,27)87522686(1,27)
(0,27)1933084303(0,28)
(1,27)1597848432(2,27)
(1,27)1098193842(1,28)
(2,27)701539807(3,27)
(2,27)574596534(2,28)
(3,27)934618834(4,27)
(3,27)1143849810(3,28)
(4,27)1244453596(5,27)
(4,27)2078480869(4,28)
(5,27)819827984(6,27)
(5,27)196095815(5,28)
(6,27)1989352324(7,27)
(6,27)1456748696(6,28)
(7,27)1336194465(8,27)
(7,27)1813511382(7,28)
(8,27)1468519716(9,27)
(8,27)831099451(8,28)
(9,27)321869343(10,27)
(9,27)421825361(9,28)
(10,27)1460654187(11,27)
(10,27)1731563037(10,28)
(11,27)1763360602(12,27)
(11,27)495375861(11,28)
(12,27)575705360(13,27)
(12,27)1917305981(12,28)
(13,27)461273879(14,27)
(13,27)194064088(13,28)
(14,27)256363941(15,27)
(14,27)6938620(14,28)
(15,27)1940022924(16,27)
(15,27)313823293(15,28)
(16,27)1412017135(17,27)
(16,27)343886628(16,28)
(17,27)918483162(18,27)
(17,27)1390387708(17,28)
(18,27)386753870(19,27)
(18,27)2113556942(18,28)
(19,27)2044554163(20,27)
(19,27)1853101996(19,28)
(20,27)2049197811(21,27)
(20,27)1631207466(20,28)
(21,27)940472515(22,27)
(21,27)716898500(21,28)
(22,27)382926234(23,27)
(22,27)1891066487(22,28)
(23,27)574682290(24,27)
(23,27)129183332(23,28)
(24,27)551008693(25,27)
(24,27)1851445950(24,28)
(25,27)1435525339(26,27)
(25,27)896551633(25,28)
(26,27)1391927494(27,27)
(26,27)2011662880(26,28)
(27,27)1781485213(28,27)
(27,27)1051402293(27,28)
(28,27)1245466382(29,27)
(28,27)1967632854(28,28)
(29,27)95275444(29,28)
(0,28)1501830323(1,28)
(0,28)1974571475(0,29)
(1,28)1767110751(2,28)
(1,28)409098738(1,29)
(2,28)1821115873(3,28)
(2,28)1845716951(2,29)
(3,28)616716465(4,28)
(3,28)1010014811(3,29)
(4,28)1396768681(5,28)
(4,28)1787189168(4,29)
(5,28)1684259683(6,28)
(5,28)322334813(5,29)
(6,28)224048977(7,28)
(6,28)880492499(6,29)
(7,28)1820965014(8,28)
(7,28)253674535(7,29)
(8,28)636600769(9,28)
(8,28)2115115464(8,29)
(9,28)542314107(10,28)
(9,28)1950148346(9,29)
(10,28)353673391(11,28)
(10,28)340563072(10,29)
(11,28)1776088411(12,28)
(11,28)1438865740(11,29)
(12,28)683309587(13,28)
(12,28)217852623(12,29)
(13,28)1999337836(14,28)
(13,28)680007057(13,29)
(14,28)1925473439(15,28)
(14,28)503458793(14,29)
(15,28)330546620(16,28)
(15,28)2094613281(15,29)
(16,28)356228371(17,28)
(16,28)1279820114(16,29)
(17,28)978053418(18,28)
(17,28)2097657371(17,29)
(18,28)960188534(19,28)
(18,28)29860596(18,29)
(19,28)1817049764(20,28)
(19,28)1594769883(19,29)
(20,28)1917104697(21,28)
(20,28)209473567(20,29)
(21,28)1089966067(22,28)
(21,28)1353825800(21,29)
(22,28)1607500335(23,28)
(22,28)2141153674(22,29)
(23,28)2108785490(24,28)
(23,28)763447433(23,29)
(24,28)566112132(25,28)
(24,28)96617457(24,29)
(25,28)437180529(26,28)
(25,28)503615949(25,29)
(26,28)1942481690(27,28)
(26,28)919785523(26,29)
(27,28)1137638147(28,28)
(27,28)65785292(27,29)
(28,28)745792349(29,28)
(28,28)478307629(28,29)
(29,28)989492335(29,29)
(0,29)523782140(1,29)
(0,29)981766422(0,30)
(1,29)1312313043(2,29)
(1,29)936621968(1,30)
(2,29)1292850339(3,29)
(2,29)1803602255(2,30)
(3,29)634172025(4,29)
(3,29)1262486766(3,30)
(4,29)75191653(5,29)
(4,29)1322710936(4,30)
(5,29)992277052(6,29)
(5,29)81458260(5,30)
(6,29)1998562957(7,29)
(6,29)284665220(6,30)
(7,29)1374631287(8,29)
(7,29)198619204(7,30)
(8,29)1806119540(9,29)
(8,29)1992232983(8,30)
(9,29)1953534826(10,29)
(9,29)2138078721(9,30)
(10,29)556707205(11,29)
(10,29)1902736997(10,30)
(11,29)192433878(12,29)
(11,29)309667127(11,30)
(12,29)104665169(13,29)
(12,29)1476492728(12,30)
(13,29)466647227(14,29)
(13,29)258219170(13,30)
(14,29)1004011520(15,29)
(14,29)582972798(14,30)
(15,29)1564739221(16,29)
(15,29)1456139563(15,30)
(16,29)245277883(17,29)
(16,29)1527793660(16,30)
(17,29)1183912267(18,29)
(17,29)729568616(17,30)
(18,29)1992055382(19,29)
(18,29)1538128223(18,30)
(19,29)713355511(20,29)
(19,29)1818084292(19,30)
(20,29)1899542553(21,29)
(20,29)2067247035(20,30)
(21,29)204428608(22,29)
(21,29)1705632563(21,30)
(22,29)1904251768(23,29)
(22,29)1750621862(22,30)
(23,29)1595371198(24,29)
(23,29)1579059895(23,30)
(24,29)1569654968(25,29)
(24,29)1562887660(24,30)
(25,29)1318141009(26,29)
(25,29)1401422376(25,30)
(26,29)1711089503(27,29)
(26,29)2126362173(26,30)
(27,29)1455371254(28,29)
(27,29)1510574887(27,30)
(28,29)1768794057(29,29)
(28,29)1815754673(28,30)
(29,29)1922018481(29,30)
(0,30)625321929(1,30)
(0,30)251243823(0,31)
(1,30)1815983044(2,30)
(1,30)1230674396(1,31)
(2,30)1475952280(3,30)
(2,30)5631942(2,31)
(3,30)1189544209(4,30)
(3,30)398068012(3,31)
(4,30)242639747(5,30)
(4,30)866596855(4,31)
(5,30)1579952366(6,30)
(5,30)860144854(5,31)
(6,30)612203759(7,30)
(6,30)162403134(6,31)
(7,30)366831742(8,30)
(7,30)1138101281(7,31)
(8,30)894869401(9,30)
(8,30)215341973(8,31)
(9,30)1810713171(10,30)
(9,30)1945891638(9,31)
(10,30)1368062958(11,30)
(10,30)310273413(10,31)
(11,30)1628414422(12,30)
(11,30)1064651899(11,31)
(12,30)628257755(13,30)
(12,30)1346941484(12,31)
(13,30)654829090(14,30)
(13,30)991505661(13,31)
(14,30)612816071(15,30)
(14,30)296528780(14,31)
(15,30)547772603(16,30)
(15,30)429363923(15,31)
(16,30)1660038320(17,30)
(16,30)1238138000(16,31)
(17,30)1243769942(18,30)
(17,30)216272000(17,31)
(18,30)614340012(19,30)
(18,30)988506952(18,31)
(19,30)1855103807(20,30)
(19,30)285830504(19,31)
(20,30)1145975358(21,30)
(20,30)856979759(20,31)
(21,30)1019382894(22,30)
(21,30)1287572525(21,31)
(22,30)278190158(23,30)
(22,30)1758179117(22,31)
(23,30)1973521090(24,30)
(23,30)1386214636(23,31)
(24,30)1184622626(25,30)
(24,30)1173059560(24,31)
(25,30)1483332973(26,30)
(25,30)1636750614(25,31)
(26,30)553918865(27,30)
(26,30)405201937(26,31)
(27,30)1752143421(28,30)
(27,30)964263748(27,31)
(28,30)1955769409(29,30)
(28,30)1182176620(28,31)
(29,30)259488863(29,31)
(0,31)421101832(1,31)
(0,31)1478705400(0,32)
(1,31)2026478004(2,31)
(1,31)688852786(1,32)
(2,31)201407458(3,31)
(2,31)1659239833(2,32)
(3,31)755526127(4,31)
(3,31)95266356(3,32)
(4,31)709606368(5,31)
(4,31)1189914410(4,32)
(5,31)897534569(6,31)
(5,31)1041356631(5,32)
(6,31)39848341(7,31)
(6,31)1566586128(6,32)
(7,31)438485374(8,31)
(7,31)37623446(7,32)
(8,31)315813605(9,31)
(8,31)1798027458(8,32)
(9,31)1624064901(10,31)
(9,31)1824700010(9,32)
(10,31)861838989(11,31)
(10,31)1488873165(10,32)
(11,31)824722490(12,31)
(11,31)1113331867(11,32)
(12,31)1667250732(13,31)
(12,31)1267040926(12,32)
(13,31)871700699(14,31)
(13,31)1788986238(13,32)
(14,31)1597272000(15,31)
(14,31)701943705(14,32)
(15,31)33165457(16,31)
(15,31)1131189562(15,32)
(16,31)1820042348(17,31)
(16,31)2018373832(16,32)
(17,31)1530130017(18,31)
(17,31)2059643461(17,32)
(18,31)7426169(19,31)
(18,31)2021449807(18,32)
(19,31)1063880569(20,31)
(19,31)138172497(19,32)
(20,31)1179529128(21,31)
(20,31)717032538(20,32)
(21,31)136135018(22,31)
(21,31)1961415139(21,32)
(22,31)1999038585(23,31)
(22,31)1219377470(22,32)
(23,31)869921280(24,31)
(23,31)574620392(23,32)
(24,31)251836754(25,31)
(24,31)167368542(24,32)
(25,31)1656241707(26,31)
(25,31)346502533(25,32)
(26,31)1459834400(27,31)
(26,31)1113675743(26,32)
(27,31)233233021(28,31)
(27,31)333480550(27,32)
(28,31)2122466788(29,31)
(28,31)979601485(28,32)
(29,31)1104933720(29,32)
(0,32)1572255140(1,32)
(0,32)1681545190(0,33)
(1,32)1714710647(2,32)
(1,32)88639634(1,33)
(2,32)1908681983(3,32)
(2,32)1443145325(2,33)
(3,32)825791694(4,32)
(3,32)1626870461(3,33)
(4,32)1634296630(5,32)
(4,32)1782648142(4,33)
(5,32)699045063(6,32)
(5,32)963964191(5,33)
(6,32)2143493320(7,32)
(6,32)203845520(6,33)
(7,32)339980538(8,32)
(7,32)512976554(7,33)
(8,32)364531492(9,32)
(8,32)1215387142(8,33)
(9,32)2085308422(10,32)
(9,32)914600930(9,33)
(10,32)1166437685(11,32)
(10,32)531900034(10,33)
(11,32)40658094(12,32)
(11,32)284327308(11,33)
(12,32)1744161708(13,32)
(12,32)132629780(12,33)
(13,32)365862802(14,32)
(13,32)374138644(13,33)
(14,32)349121784(15,32)
(14,32)576279545(14,33)
(15,32)110341087(16,32)
(15,32)1470796522(15,33)
(16,32)1559436157(17,32)
(16,32)1921376925(16,33)
(17,32)1217038602(18,32)
(17,32)1825051735(17,33)
(18,32)1304438548(19,32)
(18,32)1320634492(18,33)
(19,32)955798986(20,32)
(19,32)2042830296(19,33)
(20,32)859310840(21,32)
(20,32)791251530(20,33)
(21,32)995097051(22,32)
(21,32)1654844049(21,33)
(22,32)20336956(23,32)
(22,32)855320512(22,33)
(23,32)2070707654(24,32)
(23,32)1335077589(23,33)
(24,32)102194872(25,32)
(24,32)384868448(24,33)
(25,32)916768482(26,32)
(25,32)2008532428(25,33)
(26,32)145376088(27,32)
(26,32)1268632557(26,33)
(27,32)1401262337(28,32)
(27,32)957426576(27,33)
(28,32)1331565220(29,32)
(28,32)1889537797(28,33)
(29,32)1767125139(29,33)
(0,33)1680687005(1,33)
(0,33)318333694(0,34)
(1,33)428674782(2,33)
(1,33)1090438014(1,34)
(2,33)502390523(3,33)
(2,33)1454580282(2,34)
(3,33)524135236(4,33)
(3,33)106242869(3,34)
(4,33)1410681417(5,33)
(4,33)1823025015(4,34)
(5,33)631340353(6,33)
(5,33)419481884(5,34)
(6,33)1278792724(7,33)
(6,33)54449299(6,34)
(7,33)1049546350(8,33)
(7,33)138700754(7,34)
(8,33)159037710(9,33)
(8,33)2134113236(8,34)
(9,33)2057337242(10,33)
(9,33)237140292(9,34)
(10,33)339335164(11,33)
(10,33)543906158(10,34)
(11,33)1460674641(12,33)
(11,33)1918386023(11,34)
(12,33)2063762111(13,33)
(12,33)1607967721(12,34)
(13,33)861746410(14,33)
(13,33)270617569(13,34)
(14,33)1602182790(15,33)
(14,33)1805816260(14,34)
(15,33)2124149955(16,33)
(15,33)481387902(15,34)
(16,33)1571825916(17,33)
(16,33)1135386147(16,34)
(17,33)442482781(18,33)
(17,33)405341089(17,34)
(18,33)511583958(19,33)
(18,33)2074216439(18,34)
(19,33)1749757806(20,33)
(19,33)966618017(19,34)
(20,33)1386099901(21,33)
(20,33)1922265375(20,34)
(21,33)1976714674(22,33)
(21,33)233614511(21,34)
(22,33)372315265(23,33)
(22,33)517408978(22,34)
(23,33)504038566(24,33)
(23,33)878777377(23,34)
(24,33)1115917669(25,33)
(24,33)531352976(24,34)
(25,33)1075259134(26,33)
(25,33)413892161(25,34)
(26,33)184794536(27,33)
(26,33)1455252833(26,34)
(27,33)915736906(28,33)
(27,33)388450127(27,34)
(28,33)659067697(29,33)
(28,33)101072999(28,34)
(29,33)1777483316(29,34)
(0,34)113766839(1,34)
(0,34)1906889260(0,35)
(1,34)1883555567(2,34)
(1,34)111387570(1,35)
(2,34)1683213486(3,34)
(2,34)1249152986(2,35)
(3,34)1691635767(4,34)
(3,34)141413008(3,35)
(4,34)652996966(5,34)
(4,34)1609946277(4,35)
(5,34)1212220435(6,34)
(5,34)510770136(5,35)
(6,34)1896870037(7,34)
(6,34)427778693(6,35)
(7,34)257009719(8,34)
(7,34)1445834946(7,35)
(8,34)1818150212(9,34)
(8,34)266795367(8,35)
(9,34)770833934(10,34)
(9,34)1135787096(9,35)
(10,34)104221117(11,34)
(10,34)202019540(10,35)
(11,34)1277278674(12,34)
(11,34)1184726095(11,35)
(12,34)1369520631(13,34)
(12,34)1559473950(12,35)
(13,34)327727208(14,34)
(13,34)1665728802(13,35)
(14,34)177312851(15,34)
(14,34)1470593630(14,35)
(15,34)1229999242(16,34)
(15,34)2105210525(15,35)
(16,34)69114447(17,34)
(16,34)291079690(16,35)
(17,34)1540232676(18,34)
(17,34)966071161(17,35)
(18,34)1107484169(19,34)
(18,34)1752327934(18,35)
(19,34)1214790563(20,34)
(19,34)1084384795(19,35)
(20,34)1595154931(21,34)
(20,34)1760481135(20,35)
(21,34)40776180(22,34)
(21,34)279527351(21,35)
(22,34)1725362297(23,34)
(22,34)1344541320(22,35)
(23,34)1611336688(24,34)
(23,34)297785900(23,35)
(24,34)1433572996(25,34)
(24,34)1396028861(24,35)
(25,34)1598048401(26,34)
(25,34)234686974(25,35)
(26,34)1419413069(27,34)
(26,34)1537794114(26,35)
(27,34)949784416(28,34)
(27,34)727843428(27,35)
(28,34)246088582(29,34)
(28,34)641450052(28,35)
(29,34)1277511625(29,35)
(0,35)423401433(1,35)
(0,35)2112043682(0,36)
(1,35)1194559277(2,35)
(1,35)1235238502(1,36)
(2,35)1304352949(3,35)
(2,35)714481123(2,36)
(3,35)107230151(4,35)
(3,35)13146790(3,36)
(4,35)1120630960(5,35)
(4,35)909197235(4,36)
(5,35)2123987799(6,35)
(5,35)1191614946(5,36)
(6,35)639286229(7,35)
(6,35)733628447(6,36)
(7,35)774404628(8,35)
(7,35)256031502(7,36)
(8,35)1981393799(9,35)
(8,35)1983827549(8,36)
(9,35)1447680589(10,35)
(9,35)1072190528(9,36)
(10,35)358279876(11,35)
(10,35)1229939013(10,36)
(11,35)680503766(12,35)
(11,35)1682367563(11,36)
(12,35)954296984(13,35)
(12,35)1896073990(12,36)
(13,35)698374759(14,35)
(13,35)1408347194(13,36)
(14,35)1654435776(15,35)
(14,35)1595747036(14,36)
(15,35)1560307071(16,35)
(15,35)1975886384(15,36)
(16,35)1063641238(17,35)
(16,35)2077837209(16,36)
(17,35)644834684(18,35)
(17,35)607382700(17,36)
(18,35)620529490(19,35)
(18,35)220510539(18,36)
(19,35)1129707775(20,35)
(19,35)752064835(19,36)
(20,35)1943679781(21,35)
(20,35)1741160450(20,36)
(21,35)327305250(22,35)
(21,35)1106211926(21,36)
(22,35)1362243428(23,35)
(22,35)435482362(22,36)
(23,35)271826264(24,35)
(23,35)1101709878(23,36)
(24,35)26416758(25,35)
(24,35)1196153579(24,36)
(25,35)278608944(26,35)
(25,35)1719506853(25,36)
(26,35)1254390769(27,35)
(26,35)384696634(26,36)
(27,35)133286977(28,35)
(27,35)959112711(27,36)
(28,35)219976257(29,35)
(28,35)61204105(28,36)
(29,35)831661736(29,36)
(0,36)1656951142(1,36)
(1,36)1874412034(2,36)
(2,36)660064472(3,36)
(3,36)1069774565(4,36)
(4,36)1804765595(5,36)
(5,36)1723705710(6,36)
(6,36)1677157265(7,36)
(7,36)302116632(8,36)
(8,36)1944216249(9,36)
(9,36)150203107(10,36)
(10,36)1054181467(11,36)
(11,36)926440376(12,36)
(12,36)1891363558(13,36)
(13,36)850377601(14,36)
(14,36)2032652302(15,36)
(15,36)71185160(16,36)
(16,36)1285859963(17,36)
(17,36)1247412082(18,36)
(18,36)1172895038(19,36)
(19,36)1557686227(20,36)
(20,36)296082014(21,36)
(21,36)1199311796(22,36)
(22,36)1129709433(23,36)
(23,36)574690958(24,36)
(24,36)1584008430(25,36)
(25,36)236616554(26,36)
(26,36)1533803669(27,36)
(27,36)1717295407(28,36)
(28,36)297820659(29,36)
