50 30
(0,0)846930886(1,0)
(0,0)1804289383(0,1)
(1,0)1714636915(2,0)
(1,0)1681692777(1,1)
(2,0)424238335(3,0)
(2,0)1957747793(2,1)
(3,0)1649760492(4,0)
(3,0)719885386(3,1)
(4,0)1189641421(5,0)
(4,0)596516649(4,1)
(5,0)1350490027(6,0)
(5,0)1025202362(5,1)
(6,0)1102520059(7,0)
(6,0)783368690(6,1)
(7,0)1967513926(8,0)
(7,0)2044897763(7,1)
(8,0)1540383426(9,0)
(8,0)1365180540(8,1)
(9,0)1303455736(10,0)
(9,0)304089172(9,1)
(10,0)521595368(11,0)
(10,0)35005211(10,1)
(11,0)1726956429(12,0)
(11,0)294702567(11,1)
(12,0)861021530(13,0)
(12,0)336465782(12,1)
(13,0)233665123(14,0)
(13,0)278722862(13,1)
(14,0)468703135(15,0)
(14,0)2145174067(14,1)
(15,0)1801979802(16,0)
(15,0)1101513929(15,1)
(16,0)635723058(17,0)
(16,0)1315634022(16,1)
(17,0)1125898167(18,0)
(17,0)1369133069(17,1)
(18,0)2089018456(19,0)
(18,0)1059961393(18,1)
(19,0)1656478042(20,0)
(19,0)628175011(19,1)
(20,0)1653377373(21,0)
(20,0)1131176229(20,1)
(21,0)1914544919(22,0)
(21,0)859484421(21,1)
(22,0)756898537(23,0)
(22,0)608413784(22,1)
(23,0)1973594324(24,0)
(23,0)1734575198(23,1)
(24,0)2038664370(25,0)
(24,0)149798315(24,1)
(25,0)184803526(26,0)
(25,0)1129566413(25,1)
(26,0)1424268980(27,0)
(26,0)412776091(26,1)
(27,0)749241873(28,0)
(27,0)1911759956(27,1)
(28,0)42999170(29,0)
(28,0)137806862(28,1)
(29,0)135497281(30,0)
(29,0)982906996(29,1)
(30,0)2084420925(31,0)
(30,0)511702305(30,1)
(31,0)1827336327(32,0)
(31,0)1937477084(31,1)
(32,0)1159126505(33,0)
(32,0)572660336(32,1)
(33,0)1632621729(34,0)
(33,0)805750846(33,1)
(34,0)1433925857(35,0)
(34,0)1100661313(34,1)
(35,0)84353895(36,0)
(35,0)1141616124(35,1)
(36,0)2001100545(37,0)
(36,0)939819582(36,1)
(37,0)1548233367(38,0)
(37,0)1998898814(37,1)
(38,0)1585990364(39,0)
(38,0)610515434(38,1)
(39,0)760313750(40,0)
(39,0)1374344043(39,1)
(40,0)356426808(41,0)
(40,0)1477171087(40,1)
(41,0)1889947178(42,0)
(41,0)945117276(41,1)
(42,0)709393584(43,0)
(42,0)1780695788(42,1)
(43,0)1918502651(44,0)
(43,0)491705403(43,1)
(44,0)1474612399(45,0)
(44,0)752392754(44,1)
(45,0)1264095060(46,0)
(45,0)2053999932(45,1)
(46,0)1843993368(47,0)
(46,0)1411549676(46,1)
(47,0)1984210012(48,0)
(47,0)943947739(47,1)
(48,0)1749698586(49,0)
(48,0)855636226(48,1)
(49,0)1469348094(49,1)
(0,1)1036140795(1,1)
(0,1)1956297539(0,2)
(1,1)2040651434(2,1)
(1,1)463480570(1,2)
(2,1)317097467(3,1)
(2,1)1975960378(2,2)
(3,1)1376710097(4,1)
(3,1)1892066601(3,2)
(4,1)1330573317(5,1)
(4,1)927612902(4,2)
(5,1)1687926652(6,1)
(5,1)603570492(5,2)
(6,1)959997301(7,1)
(6,1)660260756(6,2)
(7,1)402724286(8,1)
(7,1)485560280(7,2)
(8,1)1194953865(9,1)
(8,1)593209441(8,2)
(9,1)364228444(10,1)
(9,1)894429689(9,2)
(10,1)221558440(11,1)
(10,1)1947346619(10,2)
(11,1)1063958031(12,1)
(11,1)270744729(11,2)
(12,1)2114738097(13,1)
(12,1)1633108117(12,2)
(13,1)1469834481(14,1)
(13,1)2007905771(13,2)
(14,1)1610120709(15,1)
(14,1)822890675(14,2)
(15,1)631704567(16,1)
(15,1)791698927(15,2)
(16,1)1255179497(17,1)
(16,1)498777856(16,2)
(17,1)327254586(18,1)
(17,1)524872353(17,2)
(18,1)269455306(19,1)
(18,1)1572276965(18,2)
(19,1)352406219(20,1)
(19,1)1703964683(19,2)
(20,1)160051528(21,1)
(20,1)1600028624(20,2)
(21,1)112805732(22,1)
(21,1)2040332871(21,2)
(22,1)378409503(23,1)
(22,1)1120048829(22,2)
(23,1)1713258270(24,1)
(23,1)515530019(23,2)
(24,1)1409959708(25,1)
(24,1)1573363368(24,2)
(25,1)1373226340(26,1)
(25,1)2077486715(25,2)
(26,1)200747796(27,1)
(26,1)1631518149(26,2)
(27,1)1117142618(28,1)
(27,1)289700723(27,2)
(28,1)150122846(29,1)
(28,1)168002245(28,2)
(29,1)990892921(30,1)
(29,1)439493451(29,2)
(30,1)1231192379(31,1)
(30,1)1760243555(30,2)
(31,1)111537764(32,1)
(31,1)1622597488(31,2)
(32,1)2147469841(33,1)
(32,1)338888228(32,2)
(33,1)1911165193(34,1)
(33,1)438792350(33,2)
(34,1)2142757034(35,1)
(34,1)269441500(34,2)
(35,1)1869470124(36,1)
(35,1)116087764(35,2)
(36,1)8936987(37,1)
(36,1)155324914(36,2)
(37,1)1275373743(38,1)
(37,1)1982275856(37,2)
(38,1)350322227(39,1)
(38,1)387346491(38,2)
(39,1)1960709859(40,1)
(39,1)841148365(39,2)
(40,1)771151432(41,1)
(40,1)1760281936(40,2)
(41,1)1244316437(42,1)
(41,1)1186452551(41,2)
(42,1)1476153275(43,1)
(42,1)971899228(42,2)
(43,1)1139901474(44,1)
(43,1)213975407(43,2)
(44,1)653468858(45,1)
(44,1)1626276121(44,2)
(45,1)1239036029(46,1)
(45,1)2130794395(45,2)
(46,1)1605908235(47,1)
(46,1)1884661237(46,2)
(47,1)76065818(48,1)
(47,1)1350573793(47,2)
(48,1)1789366143(49,1)
(48,1)1605894428(48,2)
(49,1)1987231011(49,2)
(0,2)1784639529(1,2)
(0,2)1875335928(0,3)
(1,2)1597322404(2,2)
(1,2)2103318776(1,3)
(2,2)2112255763(3,2)
(2,2)1939964443(2,3)
(3,2)1067854538(4,2)
(3,2)1432114613(3,3)
(4,2)1782436840(5,2)
(4,2)352118606(4,3)
(5,2)165344818(6,2)
(5,2)1909002904(5,3)
(6,2)532670688(7,2)
(6,2)1395235128(6,3)
(7,2)492067917(8,2)
(7,2)1351797369(7,3)
(8,2)680466996(9,2)
(8,2)1504569917(8,3)
(9,2)496987743(10,2)
(9,2)706043324(9,3)
(10,2)1359512183(11,2)
(10,2)159259470(10,3)
(11,2)1398295499(12,2)
(11,2)480298490(11,3)
(12,2)2086206725(13,2)
(12,2)1096689772(12,3)
(13,2)1172755590(14,2)
(13,2)601385644(13,3)
(14,2)243268139(15,2)
(14,2)1544617505(14,3)
(15,2)1272469786(16,2)
(15,2)1012502954(15,3)
(16,2)968338082(17,2)
(16,2)2027907669(16,3)
(17,2)1820388464(18,2)
(17,2)722308542(17,3)
(18,2)6939507(19,2)
(18,2)933110197(18,3)
(19,2)1285228804(20,2)
(19,2)740759355(19,3)
(20,2)502278611(21,2)
(20,2)1789376348(20,3)
(21,2)1037127828(22,2)
(21,2)1450573622(21,3)
(22,2)654887343(23,2)
(22,2)1034949299(22,3)
(23,2)392035568(24,2)
(23,2)1529195746(23,3)
(24,2)87755422(25,2)
(24,2)1335354340(24,3)
(25,2)1494613810(26,2)
(25,2)889023311(25,3)
(26,2)1369321801(27,2)
(26,2)1447267605(26,3)
(27,2)396473730(28,2)
(27,2)745425661(27,3)
(28,2)1346811305(29,2)
(28,2)1308044878(28,3)
(29,2)705178736(30,2)
(29,2)1569229320(29,3)
(30,2)434248626(31,2)
(30,2)1590079444(30,3)
(31,2)1470503465(32,2)
(31,2)1977648522(31,3)
(32,2)552473416(33,2)
(32,2)1402586708(32,3)
(33,2)188213258(34,2)
(33,2)1143408282(33,3)
(34,2)1884167637(35,2)
(34,2)559412924(34,3)
(35,2)201305624(36,2)
(35,2)1473442062(35,3)
(36,2)776532036(37,2)
(36,2)238962600(36,3)
(37,2)1273911899(38,2)
(37,2)1238433452(37,3)
(38,2)620145550(39,2)
(38,2)1431419379(38,3)
(39,2)619290071(40,2)
(39,2)1665947468(39,3)
(40,2)407487131(41,2)
(40,2)707900973(40,3)
(41,2)7684930(42,2)
(41,2)2113903881(41,3)
(42,2)711845894(43,2)
(42,2)1776808933(42,3)
(43,2)937370163(44,2)
(43,2)404158660(43,3)
(44,2)1973387981(45,2)
(44,2)2058657199(44,3)
(45,2)1501252996(46,2)
(45,2)1642548899(45,3)
(46,2)1472713773(47,2)
(46,2)260152959(46,3)
(47,2)1662739668(48,2)
(47,2)824272813(47,3)
(48,2)1967681095(49,2)
(48,2)2025187190(48,3)
(49,2)1850952926(49,3)
(0,3)1704365084(1,3)
(0,3)437116466(0,4)
(1,3)638422090(2,3)
(1,3)1176911340(1,4)
(2,3)1953443376(3,3)
(2,3)1943327684(2,4)
(3,3)1069755936(4,3)
(3,3)1876855542(3,4)
(4,3)349517445(5,3)
(4,3)1237379107(4,4)
(5,3)1856669179(6,3)
(5,3)588219756(5,4)
(6,3)995706887(7,3)
(6,3)1057418418(6,4)
(7,3)1065103348(8,3)
(7,3)1823089412(7,4)
(8,3)387451659(9,3)
(8,3)625032172(8,4)
(9,3)1562402336(10,3)
(9,3)1469262009(9,4)
(10,3)1295166342(11,3)
(10,3)298625210(10,4)
(11,3)1799878206(12,3)
(11,3)1057467587(11,4)
(12,3)382697713(13,3)
(12,3)1555319301(12,4)
(13,3)1070575321(14,3)
(13,3)476667372(13,4)
(14,3)296864819(15,3)
(14,3)260401255(14,4)
(15,3)697517721(16,3)
(15,3)774044599(15,4)
(16,3)1950955939(17,3)
(16,3)2001229904(16,4)
(17,3)1797073940(18,3)
(17,3)1335939811(17,4)
(18,3)1065311705(19,3)
(18,3)1756915667(18,4)
(19,3)846811127(20,3)
(19,3)719346228(19,4)
(20,3)1307565984(21,3)
(20,3)1414829150(20,4)
(21,3)324763920(22,3)
(21,3)555996658(21,4)
(22,3)231602422(23,3)
(22,3)155789224(22,4)
(23,3)780821396(24,3)
(23,3)1389867269(23,4)
(24,3)711645630(25,3)
(24,3)619054081(24,4)
(25,3)917679292(26,3)
(25,3)195740084(25,4)
(26,3)1253207672(27,3)
(26,3)2006811972(26,4)
(27,3)1414647625(28,3)
(27,3)570073850(27,4)
(28,3)1046741222(29,3)
(28,3)1635905385(28,4)
(29,3)1896306640(30,3)
(29,3)337739299(29,4)
(30,3)1111783898(31,3)
(30,3)1343606042(30,4)
(31,3)1197352298(32,3)
(31,3)446340713(31,4)
(32,3)1782280524(33,3)
(32,3)915256190(32,4)
(33,3)524688209(34,3)
(33,3)846942590(33,4)
(34,3)1566288819(35,3)
(34,3)700108581(34,4)
(35,3)2114937732(36,3)
(35,3)1371499336(35,4)
(36,3)1927495994(37,3)
(36,3)726371155(36,4)
(37,3)882160379(38,3)
(37,3)292218004(37,4)
(38,3)1682085273(39,3)
(38,3)11614769(38,4)
(39,3)630668850(40,3)
(39,3)1662981776(39,4)
(40,3)1858721860(41,3)
(40,3)246247255(40,4)
(41,3)105575579(42,3)
(41,3)1548348142(41,4)
(42,3)2118421993(43,3)
(42,3)964445884(42,4)
(43,3)452867621(44,3)
(43,3)1520223205(43,4)
(44,3)1857962504(45,3)
(44,3)1017679567(44,4)
(45,3)213801961(46,3)
(45,3)201690613(45,4)
(46,3)648031326(47,3)
(46,3)822262754(46,4)
(47,3)1737518944(48,3)
(47,3)1411154259(47,4)
(48,3)110613202(49,3)
(48,3)282828202(48,4)
(49,3)114723506(49,4)
(0,4)1676902021(1,4)
(0,4)982936784(0,5)
(1,4)950390868(2,4)
(1,4)1486222842(1,5)
(2,4)1266235189(3,4)
(2,4)255789528(2,5)
(3,4)1137949908(4,4)
(3,4)1242608872(3,5)
(4,4)777210498(5,4)
(4,4)1277849958(4,5)
(5,4)1908518808(6,4)
(5,4)653448036(5,5)
(6,4)364686248(7,4)
(6,4)1023457753(6,5)
(7,4)1129033333(8,4)
(7,4)1309383303(7,5)
(8,4)1280321648(9,4)
(8,4)1329132133(8,5)
(9,4)1781999754(10,4)
(9,4)501772890(9,5)
(10,4)212251746(11,4)
(10,4)150517567(10,5)
(11,4)364319529(12,4)
(11,4)1983690368(11,5)
(12,4)484238046(13,4)
(12,4)1034514500(12,5)
(13,4)624549797(14,4)
(13,4)1775473788(13,5)
(14,4)1886086990(15,4)
(14,4)767066249(14,5)
(15,4)1750003033(16,4)
(15,4)739273303(15,5)
(16,4)78012497(17,4)
(16,4)1415505363(16,5)
(17,4)1671294892(18,4)
(17,4)552910253(17,5)
(18,4)1795519125(19,4)
(18,4)1344247686(18,5)
(19,4)474613996(20,4)
(19,4)661761152(19,5)
(20,4)1315209188(21,4)
(20,4)425245975(20,5)
(21,4)1448703729(22,4)
(21,4)235649157(21,5)
(22,4)1545032460(23,4)
(22,4)1679895436(22,5)
(23,4)861543921(24,4)
(23,4)430253414(23,5)
(24,4)932026304(25,4)
(24,4)677870460(24,5)
(25,4)828388027(26,4)
(25,4)496060028(25,5)
(26,4)332266748(27,4)
(26,4)1144278050(26,5)
(27,4)31308902(28,4)
(27,4)1192707556(27,5)
(28,4)820697697(29,4)
(28,4)816504794(28,5)
(29,4)1583571043(30,4)
(29,4)655858699(29,5)
(30,4)1395132002(31,4)
(30,4)559301039(30,5)
(31,4)1974806403(32,4)
(31,4)1186090428(31,5)
(32,4)1739000681(33,4)
(32,4)1473144500(32,5)
(33,4)669908538(34,4)
(33,4)1498617647(33,5)
(34,4)12895151(35,4)
(34,4)1387036159(34,5)
(35,4)1812282134(36,4)
(35,4)1144522535(35,5)
(36,4)1380171692(37,4)
(36,4)1328104339(36,5)
(37,4)860516127(38,4)
(37,4)1113502215(37,5)
(38,4)1543755629(39,4)
(38,4)777720504(38,5)
(39,4)1455590964(40,4)
(39,4)1722060049(39,5)
(40,4)70636429(41,4)
(40,4)328298285(40,5)
(41,4)1472576335(42,4)
(41,4)136495343(41,5)
(42,4)1329202900(43,4)
(42,4)402903177(42,5)
(43,4)1219407971(44,4)
(43,4)1503885238(43,5)
(44,4)12260289(45,4)
(44,4)2416949(44,5)
(45,4)561717988(46,4)
(45,4)655495367(45,5)
(46,4)1841585795(47,4)
(46,4)1407392292(46,5)
(47,4)733053144(48,4)
(47,4)389040743(47,5)
(48,4)1887658390(49,4)
(48,4)1433102829(48,5)
(49,4)1402961682(49,5)
(0,5)1900553541(1,5)
(0,5)672655340(0,6)
(1,5)337453826(2,5)
(1,5)400000569(1,6)
(2,5)1780172261(3,5)
(2,5)1081174232(2,6)
(3,5)1941690360(4,5)
(3,5)1450956042(3,6)
(4,5)847228023(5,5)
(4,5)410409117(4,6)
(5,5)1866000081(6,5)
(5,5)1516266761(5,6)
(6,5)1586903190(7,5)
(6,5)1175526309(6,6)
(7,5)500618996(8,5)
(7,5)2002495425(7,6)
(8,5)1184214677(9,5)
(8,5)1989806367(8,6)
(9,5)1061730690(10,5)
(9,5)2004504234(9,6)
(10,5)2016764524(11,5)
(10,5)1186631626(10,6)
(11,5)1748349614(12,5)
(11,5)1717226057(11,6)
(12,5)1411328205(13,5)
(12,5)1276673168(12,6)
(13,5)2009726312(14,5)
(13,5)2137390358(13,6)
(14,5)1877565100(15,5)
(14,5)696947386(14,6)
(15,5)1369602726(16,5)
(15,5)1265204346(15,6)
(16,5)1665204916(17,5)
(16,5)1630634994(16,6)
(17,5)564325578(18,5)
(17,5)1707056552(17,6)
(18,5)1010528946(19,5)
(18,5)1297893529(18,6)
(19,5)1708302647(20,5)
(19,5)358532290(19,6)
(20,5)1874799051(21,5)
(20,5)1857756970(20,6)
(21,5)885799631(22,5)
(21,5)1426819080(21,6)
(22,5)1281830857(23,5)
(22,5)1314218593(22,6)
(23,5)1156541312(24,5)
(23,5)1386418627(23,6)
(24,5)1243439214(25,5)
(24,5)318561886(24,6)
(25,5)1505193512(26,5)
(25,5)70788355(25,6)
(26,5)1788014412(27,5)
(26,5)1112720090(26,6)
(27,5)241909610(28,5)
(27,5)1106059479(27,6)
(28,5)1095966189(29,5)
(28,5)1051858969(28,6)
(29,5)1748806355(30,5)
(29,5)104152274(29,6)
(30,5)1369356620(31,5)
(30,5)826047641(30,6)
(31,5)309198987(32,5)
(31,5)970925433(31,6)
(32,5)530498338(33,5)
(32,5)887077888(32,6)
(33,5)37487770(34,5)
(33,5)873524566(33,6)
(34,5)1232056856(35,5)
(34,5)1541027284(34,6)
(35,5)1251300606(36,5)
(35,5)1745790417(35,6)
(36,5)1025125849(37,5)
(36,5)959372260(36,6)
(37,5)126107205(38,5)
(37,5)2137100237(37,6)
(38,5)1376035217(39,5)
(38,5)159473059(38,6)
(39,5)478034945(40,5)
(39,5)1282648518(39,6)
(40,5)1353436873(41,5)
(40,5)471990783(40,6)
(41,5)1584710873(42,5)
(41,5)1983228458(41,6)
(42,5)941804289(43,5)
(42,5)993967637(42,6)
(43,5)2045826607(44,5)
(43,5)1826620483(43,6)
(44,5)1930772757(45,5)
(44,5)2037770478(44,6)
(45,5)716334471(46,5)
(45,5)1647149314(45,6)
(46,5)470591100(47,5)
(46,5)1152645729(46,6)
(47,5)2039723618(48,5)
(47,5)1025533459(47,6)
(48,5)1899058025(49,5)
(48,5)1001089438(48,6)
(49,5)2077211388(49,6)
(0,6)983631233(1,6)
(0,6)394633074(0,7)
(1,6)1645933681(2,6)
(1,6)1675518157(1,7)
(2,6)553160358(3,6)
(2,6)1943003493(2,7)
(3,6)2069110699(4,6)
(3,6)1635550270(3,7)
(4,6)864101839(5,6)
(4,6)712633417(4,7)
(5,6)1190668363(6,6)
(5,6)1204275569(5,7)
(6,6)410228794(7,6)
(6,6)1336092622(6,7)
(7,6)773319847(8,6)
(7,6)1026413173(7,7)
(8,6)1968217462(9,6)
(8,6)1404196431(8,7)
(9,6)1302539390(10,6)
(9,6)452456682(9,7)
(10,6)235745791(11,6)
(10,6)1858504292(10,7)
(11,6)427355115(12,6)
(11,6)802205057(11,7)
(12,6)1272796157(13,6)
(12,6)1388391521(12,7)
(13,6)1280631491(14,6)
(13,6)1452888574(13,7)
(14,6)1204462951(15,6)
(14,6)126401947(14,7)
(15,6)521035021(16,6)
(15,6)1210359231(15,7)
(16,6)738393740(17,6)
(16,6)40610537(16,7)
(17,6)1983614030(18,6)
(17,6)19485054(17,7)
(18,6)1655035325(19,6)
(18,6)1291554098(18,7)
(19,6)2004187516(20,6)
(19,6)1905241081(19,7)
(20,6)962033002(21,6)
(20,6)371653516(20,7)
(21,6)1707746139(22,6)
(21,6)1047372231(21,7)
(22,6)2073785404(23,6)
(22,6)1372261796(22,7)
(23,6)628974580(24,6)
(23,6)333582338(23,7)
(24,6)786039021(25,6)
(24,6)1894519218(24,7)
(25,6)1605539862(26,6)
(25,6)1931513970(25,7)
(26,6)586235379(27,6)
(26,6)1021784812(26,7)
(27,6)262692685(28,6)
(27,6)2032894977(27,7)
(28,6)1338299904(29,6)
(28,6)1859031536(28,7)
(29,6)1985433483(30,6)
(29,6)1543324176(29,7)
(30,6)606199759(31,6)
(30,6)395279207(30,7)
(31,6)435889744(32,6)
(31,6)358984857(31,7)
(32,6)378469911(33,6)
(32,6)1344593499(32,7)
(33,6)488663950(34,6)
(33,6)272020127(33,7)
(34,6)29777560(35,6)
(34,6)2033505236(34,7)
(35,6)257675105(36,6)
(35,6)345367818(35,7)
(36,6)1392740049(37,6)
(36,6)991810563(36,7)
(37,6)216588711(38,6)
(37,6)1965421244(37,7)
(38,6)151519934(39,6)
(38,6)1319041805(38,7)
(39,6)1066077375(40,6)
(39,6)845563291(39,7)
(40,6)629593614(41,6)
(40,6)937558955(40,7)
(41,6)1959343768(42,6)
(41,6)524133589(41,7)
(42,6)409544918(43,6)
(42,6)1215828993(42,7)
(43,6)927376882(44,6)
(43,6)74552805(43,7)
(44,6)1617876982(45,6)
(44,6)1747844822(44,7)
(45,6)2143124030(46,6)
(45,6)765326717(45,7)
(46,6)1124311574(47,6)
(46,6)76593093(46,7)
(47,6)1421186593(48,6)
(47,6)431530126(47,7)
(48,6)703550253(49,6)
(48,6)1502781486(48,7)
(49,6)1909850543(49,7)
(0,7)733327814(1,7)
(0,7)1388803074(0,8)
(1,7)1646478179(2,7)
(1,7)107734713(1,8)
(2,7)1500474762(3,7)
(2,7)1725138377(2,8)
(3,7)1941727088(4,7)
(3,7)1464415775(3,8)
(4,7)1615935710(5,7)
(4,7)672032919(4,8)
(5,7)1738110294(6,7)
(5,7)639806732(5,8)
(6,7)1269400346(7,7)
(6,7)406011017(6,8)
(7,7)217871137(8,7)
(7,7)114760235(7,8)
(8,7)524305153(9,7)
(8,7)337745691(8,8)
(9,7)1265122573(10,7)
(9,7)292423943(9,8)
(10,7)1910300925(11,7)
(10,7)124666328(10,8)
(11,7)120306710(12,7)
(11,7)2030449291(11,8)
(12,7)1007277217(13,7)
(12,7)1986894018(12,8)
(13,7)1260596963(14,7)
(13,7)551836836(13,8)
(14,7)1255387090(15,7)
(14,7)362575055(14,8)
(15,7)1751378130(16,7)
(15,7)1022963858(15,8)
(16,7)1130698571(17,7)
(16,7)1988714904(16,8)
(17,7)1566369633(18,7)
(17,7)1250372661(17,8)
(18,7)567304789(19,7)
(18,7)483689685(18,8)
(19,7)1155722604(20,7)
(19,7)1360613073(19,8)
(20,7)2000419805(21,7)
(20,7)35756851(20,8)
(21,7)441767868(22,7)
(21,7)746349250(21,8)
(22,7)861109485(23,7)
(22,7)1122336503(22,8)
(23,7)1460082195(24,7)
(23,7)659639006(23,8)
(24,7)952062949(25,7)
(24,7)1385414639(24,8)
(25,7)1510080967(26,7)
(25,7)577721120(25,8)
(26,7)460686763(27,7)
(26,7)714880226(26,8)
(27,7)554290596(28,7)
(27,7)1630387677(27,8)
(28,7)34740865(29,7)
(28,7)1467963981(28,8)
(29,7)1830539036(30,7)
(29,7)1814887560(29,8)
(30,7)690367770(31,7)
(30,7)1290127955(30,8)
(31,7)1131359211(32,7)
(31,7)1434433518(31,8)
(32,7)537322532(33,7)
(32,7)1821066342(32,8)
(33,7)157272379(34,7)
(33,7)550245196(33,8)
(34,7)1910858270(35,7)
(34,7)1104627321(34,8)
(35,7)1140384172(36,7)
(35,7)1312994984(35,8)
(36,7)2059344234(37,7)
(36,7)1763794427(36,8)
(37,7)738647283(38,7)
(37,7)1582152040(37,8)
(38,7)94307398(39,7)
(38,7)772970072(38,8)
(39,7)10901063(40,7)
(39,7)51245830(39,8)
(40,7)628966950(41,7)
(40,7)1046370347(40,8)
(41,7)1761250573(42,7)
(41,7)1520982030(41,8)
(42,7)1003886059(43,7)
(42,7)1089653714(42,8)
(43,7)410134047(44,7)
(43,7)168057522(43,8)
(44,7)1982945082(45,7)
(44,7)1038626924(44,8)
(45,7)181271232(46,7)
(45,7)93189435(45,8)
(46,7)1527622954(47,7)
(46,7)525829204(46,8)
(47,7)199411898(48,7)
(47,7)1312630443(47,8)
(48,7)1862875640(49,7)
(48,7)2064945486(48,8)
(49,7)356684278(49,8)
(0,8)1626250262(1,8)
(0,8)1022089159(0,9)
(1,8)14989683(2,8)
(1,8)1669679262(1,9)
(2,8)1581539848(3,8)
(2,8)1242561041(2,9)
(3,8)1981208324(4,8)
(3,8)1597141723(3,9)
(4,8)1691449122(5,8)
(4,8)207026272(4,9)
(5,8)217927335(6,8)
(5,8)2032454154(5,9)
(6,8)513937457(7,8)
(6,8)590335821(6,9)
(7,8)204102747(8,8)
(7,8)1738909365(7,9)
(8,8)595311776(9,8)
(8,8)1603591171(8,9)
(9,8)2013725218(10,8)
(9,8)372160269(9,9)
(10,8)207621703(11,8)
(10,8)1633938701(10,9)
(11,8)1815209933(12,8)
(11,8)2106914653(11,9)
(12,8)1487053959(13,8)
(12,8)733450907(12,9)
(13,8)932862806(14,8)
(13,8)980356728(13,9)
(14,8)695748720(15,8)
(14,8)1404515797(14,9)
(15,8)279121308(16,8)
(15,8)1289547084(15,9)
(16,8)811742698(17,8)
(16,8)174515334(16,9)
(17,8)1417076376(18,8)
(17,8)294110991(17,9)
(18,8)1891252715(19,8)
(18,8)245798898(18,9)
(19,8)452825171(20,8)
(19,8)1250801052(19,9)
(20,8)1135771559(21,8)
(20,8)1435218189(20,9)
(21,8)2025554010(22,8)
(21,8)670752506(21,9)
(22,8)262178224(23,8)
(22,8)1649709016(22,9)
(23,8)1105816539(24,8)
(23,8)82173109(23,9)
(24,8)454333378(25,8)
(24,8)857490000(24,9)
(25,8)343945053(26,8)
(25,8)972058109(25,9)
(26,8)931489114(27,8)
(26,8)661955081(26,9)
(27,8)1395405989(28,8)
(27,8)11671338(27,9)
(28,8)992028067(29,8)
(28,8)271059426(28,9)
(29,8)1675575223(30,8)
(29,8)180785147(29,9)
(30,8)1470332231(31,8)
(30,8)1687776787(30,9)
(31,8)1862292122(32,8)
(31,8)1954696532(31,9)
(32,8)101323875(33,8)
(32,8)134591281(32,9)
(33,8)380390179(34,8)
(33,8)1131884850(33,9)
(34,8)235202254(35,8)
(34,8)1992576590(34,9)
(35,8)1280311131(36,8)
(35,8)833215350(35,9)
(36,8)1503967857(37,8)
(36,8)1370973813(36,9)
(37,8)873199181(38,8)
(37,8)1158381494(37,9)
(38,8)1240554603(39,8)
(38,8)1766146081(38,9)
(39,8)476152433(40,8)
(39,8)1979015720(39,9)
(40,8)803590181(41,8)
(40,8)1694887982(40,9)
(41,8)209359415(42,8)
(41,8)820097487(41,9)
(42,8)831768825(43,8)
(42,8)1735079296(42,9)
(43,8)2006138722(44,8)
(43,8)1604765404(43,9)
(44,8)1785550551(45,8)
(44,8)1823796892(44,9)
(45,8)1364090032(46,8)
(45,8)1534230297(45,9)
(46,8)1341443181(47,8)
(46,8)1108399134(46,9)
(47,8)1242990415(48,8)
(47,8)1078898506(47,9)
(48,8)63299708(49,8)
(48,8)1442767057(48,9)
(49,8)1623380595(49,9)
(0,9)298501962(1,9)
(0,9)1287859999(0,10)
(1,9)420687483(2,9)
(1,9)309112297(1,10)
(2,9)1813080154(3,9)
(2,9)1669475776(2,10)
(3,9)395191309(4,9)
(3,9)1579068977(3,10)
(4,9)672139932(5,9)
(4,9)1431742587(4,10)
(5,9)1907895021(6,9)
(5,9)226723382(5,10)
(6,9)1030313563(7,9)
(6,9)219544266(6,10)
(7,9)428903682(8,9)
(7,9)580508860(7,10)
(8,9)1412277685(9,9)
(8,9)617909211(8,10)
(9,9)476564285(10,9)
(9,9)2033669086(9,10)
(10,9)1671735990(11,9)
(10,9)1088590930(10,10)
(11,9)305197314(12,9)
(11,9)2010794583(11,10)
(12,9)1204754116(13,9)
(12,9)632651476(12,10)
(13,9)1875641892(14,9)
(13,9)1384095820(13,10)
(14,9)1447395528(15,9)
(14,9)500037525(14,10)
(15,9)1787897525(16,9)
(15,9)1351538839(15,10)
(16,9)1660651136(17,9)
(16,9)1745897490(16,10)
(17,9)1267889618(18,9)
(17,9)61101360(17,10)
(18,9)1640170337(19,9)
(18,9)1326247643(18,10)
(19,9)610506582(20,9)
(19,9)1663080928(19,10)
(20,9)1889804310(21,9)
(20,9)164826621(20,10)
(21,9)384370888(22,9)
(21,9)370917955(21,10)
(22,9)951426815(23,9)
(22,9)772634225(22,10)
(23,9)1390543437(24,9)
(23,9)813274570(23,10)
(24,9)699460008(25,9)
(24,9)216220853(24,10)
(25,9)1304811783(26,9)
(25,9)1867107722(25,10)
(26,9)1730418657(27,9)
(26,9)223712350(26,10)
(27,9)856363827(28,9)
(27,9)1610009097(27,10)
(28,9)846621269(29,9)
(28,9)787689126(28,10)
(29,9)1287726651(30,9)
(29,9)584522071(29,10)
(30,9)1936060910(31,9)
(30,9)146533149(30,10)
(31,9)1892430639(32,9)
(31,9)928140528(31,10)
(32,9)989241888(33,9)
(32,9)1449228398(32,10)
(33,9)627992393(34,9)
(33,9)1012836610(33,10)
(34,9)528433890(35,9)
(34,9)481928577(34,10)
(35,9)646755199(36,9)
(35,9)1238498976(35,10)
(36,9)1609416931(37,9)
(36,9)270754552(36,10)
(37,9)1043388777(38,9)
(37,9)1031126087(37,10)
(38,9)1844400657(39,9)
(38,9)413360099(38,10)
(39,9)629580952(40,9)
(39,9)286448566(39,10)
(40,9)6072641(41,9)
(40,9)396377017(40,10)
(41,9)620089368(42,9)
(41,9)1934392735(41,10)
(42,9)1396918184(43,9)
(42,9)1736491298(42,10)
(43,9)376696776(44,9)
(43,9)1476453195(43,10)
(44,9)2060975266(45,9)
(44,9)96055805(44,10)
(45,9)242588954(46,9)
(45,9)1664423428(45,10)
(46,9)445080308(47,9)
(46,9)1849552528(46,10)
(47,9)1151297278(48,9)
(47,9)2135019593(47,10)
(48,9)1000372555(49,9)
(48,9)1434322197(48,10)
(49,9)1779289672(49,10)
(0,10)1528806445(1,10)
(0,10)1916250774(0,11)
(1,10)415522325(2,10)
(1,10)870305000(1,11)
(2,10)332238283(3,10)
(2,10)1799560997(2,11)
(3,10)695466127(4,10)
(3,10)1446648412(3,11)
(4,10)1143565421(5,10)
(4,10)745598382(4,11)
(5,10)1375179334(6,10)
(5,10)981914693(5,11)
(6,10)987987334(7,10)
(6,10)1539942439(6,11)
(7,10)12548159(8,10)
(7,10)1162088421(7,11)
(8,10)411522957(9,10)
(8,10)576994985(8,11)
(9,10)953691761(10,10)
(9,10)1489001354(9,11)
(10,10)1402492972(11,10)
(10,10)507578762(10,11)
(11,10)750167716(12,10)
(11,10)470631541(11,11)
(12,10)915711850(13,10)
(12,10)1104561852(12,11)
(13,10)108375482(14,10)
(13,10)737703662(13,11)
(14,10)1738076217(15,10)
(14,10)202550399(14,11)
(15,10)2118801173(16,10)
(15,10)1887665154(15,11)
(16,10)610486506(17,10)
(16,10)1119399015(16,11)
(17,10)771476364(18,10)
(17,10)386839851(17,11)
(18,10)1833488263(19,10)
(18,10)942724790(18,11)
(19,10)1688323172(20,10)
(19,10)1466942491(19,11)
(20,10)301373537(21,10)
(20,10)829570037(20,11)
(21,10)222028828(22,10)
(21,10)916018859(21,11)
(22,10)2078107280(23,10)
(22,10)1289360871(22,11)
(23,10)1866355856(24,10)
(23,10)234576987(23,11)
(24,10)1723578341(25,10)
(24,10)342146590(24,11)
(25,10)849725352(26,10)
(25,10)672563970(25,11)
(26,10)1143195511(27,10)
(26,10)978587665(26,11)
(27,10)2083149517(28,10)
(27,10)1599893069(27,11)
(28,10)190113083(29,10)
(28,10)2058907361(28,11)
(29,10)113974112(30,10)
(29,10)44041351(29,11)
(30,10)1931706506(31,10)
(30,10)1928189300(30,11)
(31,10)900104667(32,10)
(31,10)85291638(31,11)
(32,10)472131489(33,10)
(32,10)394709364(32,11)
(33,10)1337434154(34,10)
(33,10)1671581032(33,11)
(34,10)991039875(35,10)
(34,10)158136104(34,11)
(35,10)987706141(36,10)
(35,10)878273679(35,11)
(36,10)1794292538(37,10)
(36,10)1292413412(36,11)
(37,10)434290636(38,10)
(37,10)1209734969(37,11)
(38,10)1444311956(39,10)
(38,10)1724916170(38,11)
(39,10)2067062760(40,10)
(39,10)153162844(39,11)
(40,10)825726814(41,10)
(40,10)1020406649(40,11)
(41,10)1998994314(42,10)
(41,10)769304465(41,11)
(42,10)221713886(43,10)
(42,10)1968922326(42,11)
(43,10)1880346039(44,10)
(43,10)1934660183(43,11)
(44,10)1978701535(45,10)
(44,10)411826969(44,11)
(45,10)192532621(46,10)
(45,10)1994320152(45,11)
(46,10)2079611790(47,10)
(46,10)1762924393(46,11)
(47,10)10150109(48,10)
(47,10)1092637289(47,11)
(48,10)616734673(49,10)
(48,10)404259631(48,11)
(49,10)1347584264(49,11)
(0,11)1607774548(1,11)
(0,11)562395735(0,12)
(1,11)1550101877(2,11)
(1,11)78374295(1,12)
(2,11)1872666833(3,11)
(2,11)752704313(2,12)
(3,11)1186994949(4,11)
(3,11)612353198(3,12)
(4,11)2056665155(5,11)
(4,11)1450099355(4,12)
(5,11)1369678468(6,11)
(5,11)1340157793(5,12)
(6,11)18400960(7,11)
(6,11)929588156(6,12)
(7,11)781098823(8,11)
(7,11)2138982933(7,12)
(8,11)213213171(9,11)
(8,11)1987323286(8,12)
(9,11)1720185677(10,11)
(9,11)568275358(9,12)
(10,11)399493245(11,11)
(10,11)625040140(10,12)
(11,11)817572761(12,11)
(11,11)1567022181(11,12)
(12,11)1499150323(13,11)
(12,11)14933990(12,12)
(13,11)25084100(14,11)
(13,11)1910210050(13,12)
(14,11)379461075(15,11)
(14,11)1903409954(14,12)
(15,11)318322042(16,11)
(15,11)1372668364(15,12)
(16,11)1451042659(17,11)
(16,11)1987235624(16,12)
(17,11)592456289(18,11)
(17,11)1868423919(17,12)
(18,11)333293469(19,11)
(18,11)1176225844(18,12)
(19,11)478841551(20,11)
(19,11)1779451238(19,12)
(20,11)972125383(21,11)
(20,11)242474976(20,12)
(21,11)1172063133(22,11)
(21,11)1848520019(21,12)
(22,11)1840019304(23,11)
(22,11)990526343(22,12)
(23,11)830365981(24,11)
(23,11)1953161956(23,12)
(24,11)373953666(25,11)
(24,11)2053232475(24,12)
(25,11)530788967(26,11)
(25,11)403068011(25,12)
(26,11)1970090192(27,11)
(26,11)773446912(26,12)
(27,11)788380902(28,11)
(27,11)1348361729(27,12)
(28,11)1111088131(29,11)
(28,11)1321756868(28,12)
(29,11)1077683174(30,11)
(29,11)813465002(29,12)
(30,11)38649718(31,11)
(30,11)1490549207(30,12)
(31,11)1330301183(32,11)
(31,11)1396005216(31,12)
(32,11)1116945487(33,11)
(32,11)1489692377(32,12)
(33,11)518434573(34,11)
(33,11)1922757472(33,12)
(34,11)1554725062(35,11)
(34,11)1450238957(34,12)
(35,11)1692713933(36,11)
(35,11)997276125(35,12)
(36,11)698312496(37,11)
(36,11)379366797(36,12)
(37,11)1369893141(38,11)
(37,11)717293418(37,12)
(38,11)522971726(39,11)
(38,11)390848153(38,12)
(39,11)296596980(40,11)
(39,11)52775474(39,12)
(40,11)455843485(41,11)
(40,11)896925393(40,12)
(41,11)1670372305(42,11)
(41,11)827385948(41,12)
(42,11)28264029(43,11)
(42,11)278450030(42,12)
(43,11)1600206898(44,11)
(43,11)311269559(43,12)
(44,11)1124734562(45,11)
(44,11)1139352160(44,12)
(45,11)482417719(46,11)
(45,11)530406424(45,12)
(46,11)1926411641(47,11)
(46,11)1163384280(46,12)
(47,11)505593010(48,11)
(47,11)1812718902(47,12)
(48,11)1587992726(49,11)
(48,11)895873480(48,12)
(49,11)1024027583(49,12)
(0,12)995234140(1,12)
(0,12)198628789(0,13)
(1,12)1891342723(2,12)
(1,12)2021303708(1,13)
(2,12)572132557(3,12)
(2,12)1374600938(2,13)
(3,12)597010431(4,12)
(3,12)461152493(3,13)
(4,12)984124220(5,12)
(4,12)962980710(4,13)
(5,12)1259577690(6,12)
(5,12)649785905(5,13)
(6,12)1105629391(7,12)
(6,12)1881049613(6,13)
(7,12)1403938270(8,12)
(7,12)2086963638(7,13)
(8,12)2115227667(9,12)
(8,12)1384079421(8,13)
(9,12)836802671(10,12)
(9,12)1715207829(9,13)
(10,12)692458743(11,12)
(10,12)1107096180(10,13)
(11,12)1589513899(12,12)
(11,12)1367209095(11,13)
(12,12)1146137088(13,12)
(12,12)1855843024(12,13)
(13,12)213952386(14,12)
(13,12)1254749154(13,13)
(14,12)695258232(15,12)
(14,12)2042010569(14,13)
(15,12)93155710(16,12)
(15,12)1237979969(15,13)
(16,12)1111800030(17,12)
(16,12)1690492373(16,13)
(17,12)917609663(18,12)
(17,12)1984498433(17,13)
(18,12)298167279(19,12)
(18,12)1683932587(18,13)
(19,12)499429649(20,12)
(19,12)1514620094(19,13)
(20,12)16922351(21,12)
(20,12)1282291499(20,13)
(21,12)1015857464(22,12)
(21,12)1759007339(21,13)
(22,12)1698487330(23,12)
(22,12)1122551742(22,13)
(23,12)359147515(24,12)
(23,12)272312086(23,13)
(24,12)1987519915(25,12)
(24,12)1666231349(24,13)
(25,12)625843881(26,12)
(25,12)1195950186(25,13)
(26,12)415675634(27,12)
(26,12)532495011(26,13)
(27,12)240854387(28,12)
(27,12)67874133(27,13)
(28,12)1322623287(29,12)
(28,12)1561812722(28,13)
(29,12)1456339643(30,12)
(29,12)454806773(29,13)
(30,12)1692786742(31,12)
(30,12)2017881519(30,13)
(31,12)1560890244(32,12)
(31,12)1549495354(31,13)
(32,12)1386510139(33,12)
(32,12)657103124(32,13)
(33,12)193552063(34,12)
(33,12)331016259(33,13)
(34,12)1845636353(35,12)
(34,12)1684677418(34,13)
(35,12)819485269(36,12)
(35,12)692981712(35,13)
(36,12)304505404(37,12)
(36,12)1862558705(36,13)
(37,12)837626799(38,12)
(37,12)1835342733(37,13)
(38,12)2107654819(39,12)
(38,12)2002992734(38,13)
(39,12)1521740435(40,12)
(39,12)1196774315(39,13)
(40,12)245240853(41,12)
(40,12)1947691087(40,13)
(41,12)332702450(42,12)
(41,12)100669(41,13)
(42,12)67974802(43,12)
(42,12)660916487(42,13)
(43,12)75245562(44,12)
(43,12)573556837(43,13)
(44,12)1028363610(45,12)
(44,12)1390598089(44,13)
(45,12)1260995960(46,12)
(45,12)1531585205(45,13)
(46,12)933596911(47,12)
(46,12)573666704(46,13)
(47,12)1230769829(48,12)
(47,12)674402557(47,13)
(48,12)1005418816(49,12)
(48,12)172623403(48,13)
(49,12)1424321892(49,13)
(0,13)703571522(1,13)
(0,13)1857300821(0,14)
(1,13)529302443(2,13)
(1,13)2117303605(1,14)
(2,13)274325361(3,13)
(2,13)418646579(2,14)
(3,13)1256273378(4,13)
(3,13)217161528(3,14)
(4,13)177332700(5,13)
(4,13)129834447(4,14)
(5,13)1651574882(6,13)
(5,13)305564045(5,14)
(6,13)550804899(7,13)
(6,13)2125023787(6,14)
(7,13)310242589(8,13)
(7,13)1651675551(7,14)
(8,13)1719650353(9,13)
(8,13)1211721386(8,14)
(9,13)1286966948(10,13)
(9,13)883799426(9,14)
(10,13)1912163036(11,13)
(10,13)962764794(10,14)
(11,13)76277107(12,13)
(11,13)671068506(11,14)
(12,13)1604665417(13,13)
(12,13)338346092(12,14)
(13,13)1569115921(14,13)
(13,13)750679664(13,14)
(14,13)1756098480(15,13)
(14,13)1777288820(14,14)
(15,13)1487105994(16,13)
(15,13)845954166(15,14)
(16,13)815774123(17,13)
(16,13)312186354(16,14)
(17,13)730832933(18,13)
(17,13)2016408437(17,14)
(18,13)86086317(19,13)
(18,13)1090099484(18,14)
(19,13)1219933931(20,13)
(19,13)1987106312(19,14)
(20,13)145186709(21,13)
(20,13)263419017(20,14)
(21,13)240959156(22,13)
(21,13)724025165(21,14)
(22,13)228217069(23,13)
(22,13)695991608(22,14)
(23,13)1907712995(24,13)
(23,13)551201745(23,14)
(24,13)1435001171(25,13)
(24,13)1947867422(24,14)
(25,13)763148569(26,13)
(25,13)1047196295(25,14)
(26,13)1718264801(27,13)
(26,13)1199680559(26,14)
(27,13)1538026652(28,13)
(27,13)839425676(27,14)
(28,13)1590105340(29,13)
(28,13)1175446571(28,14)
(29,13)805251743(30,13)
(29,13)959658925(29,14)
(30,13)1805613091(31,13)
(30,13)1198720172(30,14)
(31,13)1510906527(32,13)
(31,13)144874089(31,14)
(32,13)13798878(33,13)
(32,13)473903566(32,14)
(33,13)1564003050(34,13)
(33,13)94255812(33,14)
(34,13)2081362124(35,13)
(34,13)99885196(34,14)
(35,13)363304213(36,13)
(35,13)636453333(35,14)
(36,13)1360478499(37,13)
(36,13)79065186(36,14)
(37,13)775056794(38,13)
(37,13)604263370(37,14)
(38,13)1155465115(39,13)
(38,13)1588695568(38,14)
(39,13)1389079342(40,13)
(39,13)535286141(39,14)
(40,13)1582482437(41,13)
(40,13)442982639(40,14)
(41,13)1642663198(42,13)
(41,13)4744263(41,14)
(42,13)844169939(43,13)
(42,13)1153263590(42,14)
(43,13)181226513(44,13)
(43,13)1033206202(43,14)
(44,13)1992865128(45,13)
(44,13)286791631(44,14)
(45,13)1485511804(46,13)
(45,13)986478257(45,14)
(46,13)1131352346(47,13)
(46,13)1650994571(46,14)
(47,13)2124898138(48,13)
(47,13)848934683(47,14)
(48,13)943190495(49,13)
(48,13)1145151225(48,14)
(49,13)1541417540(49,14)
(0,14)877068972(1,14)
(0,14)1245036421(0,15)
(1,14)1608340634(2,14)
(1,14)30387226(1,15)
(2,14)1390865725(3,14)
(2,14)956134158(2,15)
(3,14)1731190952(4,14)
(3,14)65120356(3,15)
(4,14)1220585472(5,14)
(4,14)832077645(4,15)
(5,14)73673339(6,14)
(5,14)118993446(5,15)
(6,14)1701475883(7,14)
(6,14)1663568111(6,15)
(7,14)1158747661(8,14)
(7,14)78417603(7,15)
(8,14)922587542(9,14)
(8,14)707255825(8,15)
(9,14)888482339(10,14)
(9,14)44470216(9,15)
(10,14)2037335344(11,14)
(10,14)1209379174(10,15)
(11,14)547407330(12,14)
(11,14)1874960596(11,15)
(12,14)858829294(13,14)
(12,14)1540846267(12,15)
(13,14)1518260757(14,14)
(13,14)1396342013(13,15)
(14,14)192048860(15,14)
(14,14)2003980519(14,15)
(15,14)1101533292(16,14)
(15,14)912194650(15,15)
(16,14)942581876(17,14)
(16,14)1069117832(16,15)
(17,14)2025251990(18,14)
(17,14)562390279(17,15)
(18,14)627510635(19,14)
(18,14)185963953(18,15)
(19,14)1018041598(20,14)
(19,14)1608959295(19,15)
(20,14)1727952741(21,14)
(20,14)1848096107(20,15)
(21,14)1364180570(22,14)
(21,14)1091714937(21,15)
(22,14)1170132540(23,14)
(22,14)1281944976(22,15)
(23,14)1989200801(24,14)
(23,14)375444584(23,15)
(24,14)419914800(25,14)
(24,14)2092720083(24,15)
(25,14)1154615609(26,14)
(25,14)730199492(25,15)
(26,14)457676440(27,14)
(26,14)309766496(26,15)
(27,14)1850612763(28,14)
(27,14)1702022939(27,15)
(28,14)950881304(29,14)
(28,14)1316505735(28,15)
(29,14)1173002606(30,14)
(29,14)1221389873(29,15)
(30,14)2133584523(31,14)
(30,14)1142930164(30,15)
(31,14)64564349(32,14)
(31,14)127052251(31,15)
(32,14)689442530(33,14)
(32,14)928682751(32,15)
(33,14)1114646704(34,14)
(33,14)2089816339(33,15)
(34,14)1551291986(35,14)
(34,14)1316953165(34,15)
(35,14)1017565625(36,14)
(35,14)2132688302(35,15)
(36,14)1076919591(37,14)
(36,14)1131761079(36,15)
(37,14)266222407(38,14)
(37,14)234262547(37,15)
(38,14)609707131(39,14)
(38,14)99568484(38,15)
(39,14)44804919(40,14)
(39,14)107939561(39,15)
(40,14)838139053(41,14)
(40,14)1029621931(40,15)
(41,14)1339388427(42,14)
(41,14)1199420528(41,15)
(42,14)753959819(43,14)
(42,14)1295815494(42,15)
(43,14)464837581(44,14)
(43,14)1042517543(43,15)
(44,14)116423768(45,14)
(44,14)1704841123(44,15)
(45,14)700287639(46,14)
(45,14)1637840187(45,15)
(46,14)1764892438(47,14)
(46,14)102524643(46,15)
(47,14)1031207394(48,14)
(47,14)764851988(47,15)
(48,14)707184680(49,14)
(48,14)306851320(48,15)
(49,14)2145854098(49,15)
(0,15)110993018(1,15)
(0,15)1623804486(0,16)
(1,15)493886463(2,15)
(1,15)2131058752(1,16)
(2,15)1060494695(3,15)
(2,15)1242754098(2,16)
(3,15)1508976505(4,15)
(3,15)728149010(3,16)
(4,15)1337856142(5,15)
(4,15)1160063179(4,16)
(5,15)1204868098(6,15)
(5,15)1616916066(5,16)
(6,15)307571472(7,15)
(6,15)219994425(6,16)
(7,15)1559382853(8,15)
(7,15)256804978(7,16)
(8,15)1010764797(9,15)
(8,15)1603386966(8,16)
(9,15)2068224547(10,15)
(9,15)454416748(9,16)
(10,15)570840516(11,15)
(10,15)568122272(10,16)
(11,15)1268409912(12,15)
(11,15)1558581086(11,16)
(12,15)1175989877(13,15)
(12,15)673365159(12,16)
(13,15)1704572553(14,15)
(13,15)2033261900(13,16)
(14,15)592962932(15,15)
(14,15)1482841197(14,16)
(15,15)959162035(16,15)
(15,15)1702943003(15,16)
(16,15)1686518107(17,15)
(16,15)703955951(16,16)
(17,15)1946710049(18,15)
(17,15)1453048498(17,16)
(18,15)33713861(19,15)
(18,15)599529154(18,16)
(19,15)1759592334(20,15)
(19,15)1308202906(19,16)
(20,15)777635325(21,15)
(20,15)1371570003(20,16)
(21,15)1591564428(22,15)
(21,15)816976784(21,16)
(22,15)1073781763(23,15)
(22,15)1085206797(22,16)
(23,15)541110115(24,15)
(23,15)1003463633(23,16)
(24,15)1457880381(25,15)
(24,15)2084546560(24,16)
(25,15)505185185(26,15)
(25,15)461851014(25,16)
(26,15)2020432100(27,15)
(26,15)2028720897(26,16)
(27,15)554602408(28,15)
(27,15)1773595097(27,16)
(28,15)1659373349(29,15)
(28,15)1048938329(28,16)
(29,15)384295879(30,15)
(29,15)111691313(29,16)
(30,15)1814634316(31,15)
(30,15)104852634(30,16)
(31,15)808808585(32,15)
(31,15)1343457914(31,16)
(32,15)649022765(33,15)
(32,15)1353668775(32,16)
(33,15)1953197930(34,15)
(33,15)608034986(33,16)
(34,15)1916237892(35,15)
(34,15)682736626(34,16)
(35,15)2054306629(36,15)
(35,15)1565306616(35,16)
(36,15)234799752(37,15)
(36,15)546389569(36,16)
(37,15)1631596366(38,15)
(37,15)1498387409(37,16)
(38,15)354367395(39,15)
(38,15)1308581515(38,16)
(39,15)1245644428(40,15)
(39,15)25222833(39,16)
(40,15)487073847(41,15)
(40,15)1812247776(40,16)
(41,15)1693485026(42,15)
(41,15)1750829613(41,16)
(42,15)1376941062(43,15)
(42,15)360022300(42,16)
(43,15)1408960629(44,15)
(43,15)100603786(43,16)
(44,15)212295100(45,15)
(44,15)888830763(44,16)
(45,15)993683397(46,15)
(45,15)1793256508(45,16)
(46,15)989230775(47,15)
(46,15)2026929416(46,16)
(47,15)1233114544(48,15)
(47,15)1802491982(47,16)
(48,15)263043320(49,15)
(48,15)1638253540(48,16)
(49,15)1038828826(49,16)
(0,16)31797565(1,16)
(0,16)173506518(0,17)
(1,16)80329499(2,16)
(1,16)456651794(1,17)
(2,16)691451546(3,16)
(2,16)578187134(2,17)
(3,16)62299853(4,16)
(3,16)1578716908(3,17)
(4,16)1933084303(5,16)
(4,16)2000033062(4,17)
(5,16)1098193842(6,16)
(5,16)87522686(5,17)
(6,16)574596534(7,16)
(6,16)1597848432(6,17)
(7,16)1143849810(8,16)
(7,16)701539807(7,17)
(8,16)2078480869(9,16)
(8,16)934618834(8,17)
(9,16)196095815(10,16)
(9,16)1244453596(9,17)
(10,16)1456748696(11,16)
(10,16)819827984(10,17)
(11,16)1813511382(12,16)
(11,16)1989352324(11,17)
(12,16)831099451(13,16)
(12,16)1336194465(12,17)
(13,16)421825361(14,16)
(13,16)1468519716(13,17)
(14,16)1731563037(15,16)
(14,16)321869343(14,17)
(15,16)495375861(16,16)
(15,16)1460654187(15,17)
(16,16)1917305981(17,16)
(16,16)1763360602(16,17)
(17,16)194064088(18,16)
(17,16)575705360(17,17)
(18,16)6938620(19,16)
(18,16)461273879(18,17)
(19,16)313823293(20,16)
(19,16)256363941(19,17)
(20,16)343886628(21,16)
(20,16)1940022924(20,17)
(21,16)1390387708(22,16)
(21,16)1412017135(21,17)
(22,16)2113556942(23,16)
(22,16)918483162(22,17)
(23,16)1853101996(24,16)
(23,16)386753870(23,17)
(24,16)1631207466(25,16)
(24,16)2044554163(24,17)
(25,16)716898500(26,16)
(25,16)2049197811(25,17)
(26,16)1891066487(27,16)
(26,16)940472515(26,17)
(27,16)129183332(28,16)
(27,16)382926234(27,17)
(28,16)1851445950(29,16)
(28,16)574682290(28,17)
(29,16)896551633(30,16)
(29,16)551008693(29,17)
(30,16)2011662880(31,16)
(30,16)1435525339(30,17)
(31,16)1051402293(32,16)
(31,16)1391927494(31,17)
(32,16)1967632854(33,16)
(32,16)1781485213(32,17)
(33,16)95275444(34,16)
(33,16)1245466382(33,17)
(34,16)1501830323(35,16)
(34,16)1974571475(34,17)
(35,16)1767110751(36,16)
(35,16)409098738(35,17)
(36,16)1821115873(37,16)
(36,16)1845716951(36,17)
(37,16)616716465(38,16)
(37,16)1010014811(37,17)
(38,16)1396768681(39,16)
(38,16)1787189168(38,17)
(39,16)1684259683(40,16)
(39,16)322334813(39,17)
(40,16)224048977(41,16)
(40,16)880492499(40,17)
(41,16)1820965014(42,16)
(41,16)253674535(41,17)
(42,16)636600769(43,16)
(42,16)2115115464(42,17)
(43,16)542314107(44,16)
(43,16)1950148346(43,17)
(44,16)353673391(45,16)
(44,16)340563072(44,17)
(45,16)1776088411(46,16)
(45,16)1438865740(45,17)
(46,16)683309587(47,16)
(46,16)217852623(46,17)
(47,16)1999337836(48,16)
(47,16)680007057(47,17)
(48,16)1925473439(49,16)
(48,16)503458793(48,17)
(49,16)2094613281(49,17)
(0,17)1279820114(1,17)
(0,17)330546620(0,18)
(1,17)2097657371(2,17)
(1,17)356228371(1,18)
(2,17)29860596(3,17)
(2,17)978053418(2,18)
(3,17)1594769883(4,17)
(3,17)960188534(3,18)
(4,17)209473567(5,17)
(4,17)1817049764(4,18)
(5,17)1353825800(6,17)
(5,17)1917104697(5,18)
(6,17)2141153674(7,17)
(6,17)1089966067(6,18)
(7,17)763447433(8,17)
(7,17)1607500335(7,18)
(8,17)96617457(9,17)
(8,17)2108785490(8,18)
(9,17)503615949(10,17)
(9,17)566112132(9,18)
(10,17)919785523(11,17)
(10,17)437180529(10,18)
(11,17)65785292(12,17)
(11,17)1942481690(11,18)
(12,17)478307629(13,17)
(12,17)1137638147(12,18)
(13,17)989492335(14,17)
(13,17)745792349(13,18)
(14,17)523782140(15,17)
(14,17)981766422(14,18)
(15,17)1312313043(16,17)
(15,17)936621968(15,18)
(16,17)1292850339(17,17)
(16,17)1803602255(16,18)
(17,17)634172025(18,17)
(17,17)1262486766(17,18)
(18,17)75191653(19,17)
(18,17)1322710936(18,18)
(19,17)992277052(20,17)
(19,17)81458260(19,18)
(20,17)1998562957(21,17)
(20,17)284665220(20,18)
(21,17)1374631287(22,17)
(21,17)198619204(21,18)
(22,17)1806119540(23,17)
(22,17)1992232983(22,18)
(23,17)1953534826(24,17)
(23,17)2138078721(23,18)
(24,17)556707205(25,17)
(24,17)1902736997(24,18)
(25,17)192433878(26,17)
(25,17)309667127(25,18)
(26,17)104665169(27,17)
(26,17)1476492728(26,18)
(27,17)466647227(28,17)
(27,17)258219170(27,18)
(28,17)1004011520(29,17)
(28,17)582972798(28,18)
(29,17)1564739221(30,17)
(29,17)1456139563(29,18)
(30,17)245277883(31,17)
(30,17)1527793660(30,18)
(31,17)1183912267(32,17)
(31,17)729568616(31,18)
(32,17)1992055382(33,17)
(32,17)1538128223(32,18)
(33,17)713355511(34,17)
(33,17)1818084292(33,18)
(34,17)1899542553(35,17)
(34,17)2067247035(34,18)
(35,17)204428608(36,17)
(35,17)1705632563(35,18)
(36,17)1904251768(37,17)
(36,17)1750621862(36,18)
(37,17)1595371198(38,17)
(37,17)1579059895(37,18)
(38,17)1569654968(39,17)
(38,17)1562887660(38,18)
(39,17)1318141009(40,17)
(39,17)1401422376(39,18)
(40,17)1711089503(41,17)
(40,17)2126362173(40,18)
(41,17)1455371254(42,17)
(41,17)1510574887(41,18)
(42,17)1768794057(43,17)
(42,17)1815754673(42,18)
(43,17)251243823(44,17)
(43,17)1922018481(43,18)
(44,17)1230674396(45,17)
(44,17)625321929(44,18)
(45,17)5631942(46,17)
(45,17)1815983044(45,18)
(46,17)398068012(47,17)
(46,17)1475952280(46,18)
(47,17)866596855(48,17)
(47,17)1189544209(47,18)
(48,17)860144854(49,17)
(48,17)242639747(48,18)
(49,17)1579952366(49,18)
(0,18)612203759(1,18)
(0,18)162403134(0,19)
(1,18)366831742(2,18)
(1,18)1138101281(1,19)
(2,18)894869401(3,18)
(2,18)215341973(2,19)
(3,18)1810713171(4,18)
(3,18)1945891638(3,19)
(4,18)1368062958(5,18)
(4,18)310273413(4,19)
(5,18)1628414422(6,18)
(5,18)1064651899(5,19)
(6,18)628257755(7,18)
(6,18)1346941484(6,19)
(7,18)654829090(8,18)
(7,18)991505661(7,19)
(8,18)612816071(9,18)
(8,18)296528780(8,19)
(9,18)547772603(10,18)
(9,18)429363923(9,19)
(10,18)1660038320(11,18)
(10,18)1238138000(10,19)
(11,18)1243769942(12,18)
(11,18)216272000(11,19)
(12,18)614340012(13,18)
(12,18)988506952(12,19)
(13,18)1855103807(14,18)
(13,18)285830504(13,19)
(14,18)1145975358(15,18)
(14,18)856979759(14,19)
(15,18)1019382894(16,18)
(15,18)1287572525(15,19)
(16,18)278190158(17,18)
(16,18)1758179117(16,19)
(17,18)1973521090(18,18)
(17,18)1386214636(17,19)
(18,18)1184622626(19,18)
(18,18)1173059560(18,19)
(19,18)1483332973(20,18)
(19,18)1636750614(19,19)
(20,18)553918865(21,18)
(20,18)405201937(20,19)
(21,18)1752143421(22,18)
(21,18)964263748(21,19)
(22,18)1955769409(23,18)
(22,18)1182176620(22,19)
(23,18)1478705400(24,18)
(23,18)259488863(23,19)
(24,18)688852786(25,18)
(24,18)421101832(24,19)
(25,18)1659239833(26,18)
(25,18)2026478004(25,19)
(26,18)95266356(27,18)
(26,18)201407458(26,19)
(27,18)1189914410(28,18)
(27,18)755526127(27,19)
(28,18)1041356631(29,18)
(28,18)709606368(28,19)
(29,18)1566586128(30,18)
(29,18)897534569(29,19)
(30,18)37623446(31,18)
(30,18)39848341(30,19)
(31,18)1798027458(32,18)
(31,18)438485374(31,19)
(32,18)1824700010(33,18)
(32,18)315813605(32,19)
(33,18)1488873165(34,18)
(33,18)1624064901(33,19)
(34,18)1113331867(35,18)
(34,18)861838989(34,19)
(35,18)1267040926(36,18)
(35,18)824722490(35,19)
(36,18)1788986238(37,18)
(36,18)1667250732(36,19)
(37,18)701943705(38,18)
(37,18)871700699(37,19)
(38,18)1131189562(39,18)
(38,18)1597272000(38,19)
(39,18)2018373832(40,18)
(39,18)33165457(39,19)
(40,18)2059643461(41,18)
(40,18)1820042348(40,19)
(41,18)2021449807(42,18)
(41,18)1530130017(41,19)
(42,18)138172497(43,18)
(42,18)7426169(42,19)
(43,18)717032538(44,18)
(43,18)1063880569(43,19)
(44,18)1961415139(45,18)
(44,18)1179529128(44,19)
(45,18)1219377470(46,18)
(45,18)136135018(45,19)
(46,18)574620392(47,18)
(46,18)1999038585(46,19)
(47,18)167368542(48,18)
(47,18)869921280(47,19)
(48,18)346502533(49,18)
(48,18)251836754(48,19)
(49,18)1656241707(49,19)
(0,19)1459834400(1,19)
(0,19)1113675743(0,20)
(1,19)233233021(2,19)
(1,19)333480550(1,20)
(2,19)2122466788(3,19)
(2,19)979601485(2,20)
(3,19)1681545190(4,19)
(3,19)1104933720(3,20)
(4,19)88639634(5,19)
(4,19)1572255140(4,20)
(5,19)1443145325(6,19)
(5,19)1714710647(5,20)
(6,19)1626870461(7,19)
(6,19)1908681983(6,20)
(7,19)1782648142(8,19)
(7,19)825791694(7,20)
(8,19)963964191(9,19)
(8,19)1634296630(8,20)
(9,19)203845520(10,19)
(9,19)699045063(9,20)
(10,19)512976554(11,19)
(10,19)2143493320(10,20)
(11,19)1215387142(12,19)
(11,19)339980538(11,20)
(12,19)914600930(13,19)
(12,19)364531492(12,20)
(13,19)531900034(14,19)
(13,19)2085308422(13,20)
(14,19)284327308(15,19)
(14,19)1166437685(14,20)
(15,19)132629780(16,19)
(15,19)40658094(15,20)
(16,19)374138644(17,19)
(16,19)1744161708(16,20)
(17,19)576279545(18,19)
(17,19)365862802(17,20)
(18,19)1470796522(19,19)
(18,19)349121784(18,20)
(19,19)1921376925(20,19)
(19,19)110341087(19,20)
(20,19)1825051735(21,19)
(20,19)1559436157(20,20)
(21,19)1320634492(22,19)
(21,19)1217038602(21,20)
(22,19)2042830296(23,19)
(22,19)1304438548(22,20)
(23,19)791251530(24,19)
(23,19)955798986(23,20)
(24,19)1654844049(25,19)
(24,19)859310840(24,20)
(25,19)855320512(26,19)
(25,19)995097051(25,20)
(26,19)1335077589(27,19)
(26,19)20336956(26,20)
(27,19)384868448(28,19)
(27,19)2070707654(27,20)
(28,19)2008532428(29,19)
(28,19)102194872(28,20)
(29,19)1268632557(30,19)
(29,19)916768482(29,20)
(30,19)957426576(31,19)
(30,19)145376088(30,20)
(31,19)1889537797(32,19)
(31,19)1401262337(31,20)
(32,19)1767125139(33,19)
(32,19)1331565220(32,20)
(33,19)1680687005(34,19)
(33,19)318333694(33,20)
(34,19)428674782(35,19)
(34,19)1090438014(34,20)
(35,19)502390523(36,19)
(35,19)1454580282(35,20)
(36,19)524135236(37,19)
(36,19)106242869(36,20)
(37,19)1410681417(38,19)
(37,19)1823025015(37,20)
(38,19)631340353(39,19)
(38,19)419481884(38,20)
(39,19)1278792724(40,19)
(39,19)54449299(39,20)
(40,19)1049546350(41,19)
(40,19)138700754(40,20)
(41,19)159037710(42,19)
(41,19)2134113236(41,20)
(42,19)2057337242(43,19)
(42,19)237140292(42,20)
(43,19)339335164(44,19)
(43,19)543906158(43,20)
(44,19)1460674641(45,19)
(44,19)1918386023(44,20)
(45,19)2063762111(46,19)
(45,19)1607967721(45,20)
(46,19)861746410(47,19)
(46,19)270617569(46,20)
(47,19)1602182790(48,19)
(47,19)1805816260(47,20)
(48,19)2124149955(49,19)
(48,19)481387902(48,20)
(49,19)1135386147(49,20)
(0,20)405341089(1,20)
(0,20)1571825916(0,21)
(1,20)2074216439(2,20)
(1,20)442482781(1,21)
(2,20)966618017(3,20)
(2,20)511583958(2,21)
(3,20)1922265375(4,20)
(3,20)1749757806(3,21)
(4,20)233614511(5,20)
(4,20)1386099901(4,21)
(5,20)517408978(6,20)
(5,20)1976714674(5,21)
(6,20)878777377(7,20)
(6,20)372315265(6,21)
(7,20)531352976(8,20)
(7,20)504038566(7,21)
(8,20)413892161(9,20)
(8,20)1115917669(8,21)
(9,20)1455252833(10,20)
(9,20)1075259134(9,21)
(10,20)388450127(11,20)
(10,20)184794536(10,21)
(11,20)101072999(12,20)
(11,20)915736906(11,21)
(12,20)1777483316(13,20)
(12,20)659067697(12,21)
(13,20)113766839(14,20)
(13,20)1906889260(13,21)
(14,20)1883555567(15,20)
(14,20)111387570(14,21)
(15,20)1683213486(16,20)
(15,20)1249152986(15,21)
(16,20)1691635767(17,20)
(16,20)141413008(16,21)
(17,20)652996966(18,20)
(17,20)1609946277(17,21)
(18,20)1212220435(19,20)
(18,20)510770136(18,21)
(19,20)1896870037(20,20)
(19,20)427778693(19,21)
(20,20)257009719(21,20)
(20,20)1445834946(20,21)
(21,20)1818150212(22,20)
(21,20)266795367(21,21)
(22,20)770833934(23,20)
(22,20)1135787096(22,21)
(23,20)104221117(24,20)
(23,20)202019540(23,21)
(24,20)1277278674(25,20)
(24,20)1184726095(24,21)
(25,20)1369520631(26,20)
(25,20)1559473950(25,21)
(26,20)327727208(27,20)
(26,20)1665728802(26,21)
(27,20)177312851(28,20)
(27,20)1470593630(27,21)
(28,20)1229999242(29,20)
(28,20)2105210525(28,21)
(29,20)69114447(30,20)
(29,20)291079690(29,21)
(30,20)1540232676(31,20)
(30,20)966071161(30,21)
(31,20)1107484169(32,20)
(31,20)1752327934(31,21)
(32,20)1214790563(33,20)
(32,20)1084384795(32,21)
(33,20)1595154931(34,20)
(33,20)1760481135(33,21)
(34,20)40776180(35,20)
(34,20)279527351(34,21)
(35,20)1725362297(36,20)
(35,20)1344541320(35,21)
(36,20)1611336688(37,20)
(36,20)297785900(36,21)
(37,20)1433572996(38,20)
(37,20)1396028861(37,21)
(38,20)1598048401(39,20)
(38,20)234686974(38,21)
(39,20)1419413069(40,20)
(39,20)1537794114(39,21)
(40,20)949784416(41,20)
(40,20)727843428(40,21)
(41,20)246088582(42,20)
(41,20)641450052(41,21)
(42,20)2112043682(43,20)
(42,20)1277511625(42,21)
(43,20)1235238502(44,20)
(43,20)423401433(43,21)
(44,20)714481123(45,20)
(44,20)1194559277(44,21)
(45,20)13146790(46,20)
(45,20)1304352949(45,21)
(46,20)909197235(47,20)
(46,20)107230151(46,21)
(47,20)1191614946(48,20)
(47,20)1120630960(47,21)
(48,20)733628447(49,20)
(48,20)2123987799(48,21)
(49,20)639286229(49,21)
(0,21)774404628(1,21)
(0,21)256031502(0,22)
(1,21)1981393799(2,21)
(1,21)1983827549(1,22)
(2,21)1447680589(3,21)
(2,21)1072190528(2,22)
(3,21)358279876(4,21)
(3,21)1229939013(3,22)
(4,21)680503766(5,21)
(4,21)1682367563(4,22)
(5,21)954296984(6,21)
(5,21)1896073990(5,22)
(6,21)698374759(7,21)
(6,21)1408347194(6,22)
(7,21)1654435776(8,21)
(7,21)1595747036(7,22)
(8,21)1560307071(9,21)
(8,21)1975886384(8,22)
(9,21)1063641238(10,21)
(9,21)2077837209(9,22)
(10,21)644834684(11,21)
(10,21)607382700(10,22)
(11,21)620529490(12,21)
(11,21)220510539(11,22)
(12,21)1129707775(13,21)
(12,21)752064835(12,22)
(13,21)1943679781(14,21)
(13,21)1741160450(13,22)
(14,21)327305250(15,21)
(14,21)1106211926(14,22)
(15,21)1362243428(16,21)
(15,21)435482362(15,22)
(16,21)271826264(17,21)
(16,21)1101709878(16,22)
(17,21)26416758(18,21)
(17,21)1196153579(17,22)
(18,21)278608944(19,21)
(18,21)1719506853(18,22)
(19,21)1254390769(20,21)
(19,21)384696634(19,22)
(20,21)133286977(21,21)
(20,21)959112711(20,22)
(21,21)219976257(22,21)
(21,21)61204105(21,22)
(22,21)1656951142(23,21)
(22,21)831661736(22,22)
(23,21)660064472(24,21)
(23,21)1874412034(23,22)
(24,21)1804765595(25,21)
(24,21)1069774565(24,22)
(25,21)1677157265(26,21)
(25,21)1723705710(25,22)
(26,21)1944216249(27,21)
(26,21)302116632(26,22)
(27,21)1054181467(28,21)
(27,21)150203107(27,22)
(28,21)1891363558(29,21)
(28,21)926440376(28,22)
(29,21)2032652302(30,21)
(29,21)850377601(29,22)
(30,21)1285859963(31,21)
(30,21)71185160(30,22)
(31,21)1172895038(32,21)
(31,21)1247412082(31,22)
(32,21)296082014(33,21)
(32,21)1557686227(32,22)
(33,21)1129709433(34,21)
(33,21)1199311796(33,22)
(34,21)1584008430(35,21)
(34,21)574690958(34,22)
(35,21)1533803669(36,21)
(35,21)236616554(35,22)
(36,21)297820659(37,21)
(36,21)1717295407(36,22)
(37,21)401473495(38,21)
(37,21)1753779927(37,22)
(38,21)1480708313(39,21)
(38,21)1954771801(38,22)
(39,21)877062718(40,21)
(39,21)1061537967(39,22)
(40,21)637760029(41,21)
(40,21)1137990260(40,22)
(41,21)1440106892(42,21)
(41,21)406736335(41,22)
(42,21)556939443(43,21)
(42,21)434492631(42,22)
(43,21)1360933007(44,21)
(43,21)346804712(43,22)
(44,21)1197182313(45,21)
(44,21)300819353(44,22)
(45,21)372004513(46,21)
(45,21)1246101662(45,22)
(46,21)346030096(47,21)
(46,21)335558628(46,22)
(47,21)1893244856(48,21)
(47,21)1544899551(47,22)
(48,21)596727699(49,21)
(48,21)642112110(48,22)
(49,21)875470641(49,22)
(0,22)33252481(1,22)
(0,22)1216803069(0,23)
(1,22)603123090(2,22)
(1,22)1112087195(1,23)
(2,22)1409907854(3,22)
(2,22)1750547889(2,23)
(3,22)4537736(4,22)
(3,22)209419369(3,23)
(4,22)1690127682(5,22)
(4,22)1217196008(4,23)
(5,22)2094258726(6,22)
(5,22)1066075704(5,23)
(6,22)1703835733(7,22)
(6,22)680634295(6,23)
(7,22)2120741187(8,22)
(7,22)353511414(7,23)
(8,22)910450857(9,22)
(8,22)2138328364(8,23)
(9,22)1351777724(10,22)
(9,22)320062251(9,23)
(10,22)1517244564(11,22)
(10,22)1211270210(10,23)
(11,22)1583274723(12,22)
(11,22)450395738(11,23)
(12,22)796425834(13,22)
(12,22)1852803193(12,23)
(13,22)1598564401(14,22)
(13,22)980690626(13,23)
(14,22)1577418325(15,22)
(14,22)1438537945(14,23)
(15,22)507857366(16,22)
(15,22)326551394(15,23)
(16,22)1438638589(17,22)
(16,22)1610670806(16,23)
(17,22)1213735047(18,22)
(17,22)1110980456(17,23)
(18,22)1320399826(19,22)
(18,22)701062795(18,23)
(19,22)1918258803(20,22)
(19,22)1218272784(19,23)
(20,22)136864840(21,22)
(20,22)863043860(20,23)
(21,22)1543678155(22,22)
(21,22)1865033882(21,23)
(22,22)71061648(23,22)
(22,22)1840700573(22,23)
(23,22)1831545290(24,22)
(23,22)1516935695(23,23)
(24,22)1836997946(25,22)
(24,22)981512505(24,23)
(25,22)45299067(26,22)
(25,22)1035839366(25,23)
(26,22)1486235104(27,22)
(26,22)1206758863(26,23)
(27,22)912078408(28,22)
(27,22)1628573790(27,23)
(28,22)461780768(29,22)
(28,22)135177290(28,23)
(29,22)1573715235(30,22)
(29,22)363159161(29,23)
(30,22)689710555(31,22)
(30,22)2039199093(30,23)
(31,22)1502386251(32,22)
(31,22)2081572601(31,23)
(32,22)1045069410(33,22)
(32,22)2128349144(32,23)
(33,22)681928291(34,22)
(33,22)568637651(33,23)
(34,22)1786910435(35,22)
(34,22)217985588(34,23)
(35,22)1081029448(36,22)
(35,22)452703447(35,23)
(36,22)170253681(37,22)
(36,22)1923775275(36,23)
(37,22)1616992200(38,22)
(37,22)477223956(37,23)
(38,22)1994159651(39,22)
(38,22)241315329(38,23)
(39,22)1222827834(40,22)
(39,22)1301053842(39,23)
(40,22)189409560(41,22)
(40,22)1683673949(40,23)
(41,22)742949164(42,22)
(41,22)1268126901(41,23)
(42,22)749217043(43,22)
(42,22)1675644664(42,23)
(43,22)1810821955(44,22)
(43,22)1655027572(43,23)
(44,22)2018186733(45,22)
(44,22)1210997811(44,23)
(45,22)1102713256(46,22)
(45,22)1237053542(45,23)
(46,22)1171142496(47,22)
(46,22)560413640(46,23)
(47,22)541279136(48,22)
(47,22)457615859(47,23)
(48,22)1026253510(49,22)
(48,22)68728258(48,23)
(49,22)1223207428(49,23)
(0,23)665680297(1,23)
(0,23)286713846(0,24)
(1,23)1367743294(2,23)
(1,23)1675910875(1,24)
(2,23)1846164556(3,23)
(2,23)441971924(2,24)
(3,23)2058964125(4,23)
(3,23)1844967250(3,24)
(4,23)1691643253(5,23)
(4,23)2087479885(4,24)
(5,23)1162824071(6,23)
(5,23)1212534319(5,24)
(6,23)1401943880(7,23)
(6,23)1227833555(6,24)
(7,23)1970782719(8,23)
(7,23)283467324(7,24)
(8,23)1032684367(9,23)
(8,23)930104896(8,24)
(9,23)593443203(10,23)
(9,23)1478326644(9,24)
(10,23)1349029729(11,23)
(10,23)96198530(10,24)
(11,23)1198911786(12,23)
(11,23)1830496746(11,24)
(12,23)854155594(13,23)
(12,23)1909443370(12,24)
(13,23)303238858(14,23)
(13,23)1656527645(13,24)
(14,23)535297508(15,23)
(14,23)922883852(14,24)
(15,23)1209597698(16,23)
(15,23)1526446286(15,24)
(16,23)1054873513(17,23)
(16,23)1200977805(16,24)
(17,23)1642949730(18,23)
(17,23)429857344(17,24)
(18,23)127340947(19,23)
(18,23)753554421(18,24)
(19,23)693550658(20,23)
(19,23)1554430207(19,24)
(20,23)619480878(21,23)
(20,23)1818984200(20,24)
(21,23)899334107(22,23)
(21,23)1856374729(21,24)
(22,23)2139842053(23,23)
(22,23)2021424758(22,24)
(23,23)804046007(24,23)
(23,23)722633179(23,24)
(24,23)53476175(25,23)
(24,23)1025042772(24,24)
(25,23)1121241302(26,23)
(25,23)1397489210(25,24)
(26,23)1080502308(27,23)
(26,23)1402505904(26,24)
(27,23)1164465626(28,23)
(27,23)172669440(27,24)
(28,23)1829197086(29,23)
(28,23)1934657902(28,24)
(29,23)710058106(30,23)
(29,23)1467704485(29,24)
(30,23)846667123(31,23)
(30,23)217010946(30,24)
(31,23)1417988751(32,23)
(31,23)1919655804(31,24)
(32,23)202029501(33,23)
(32,23)1901540637(32,24)
(33,23)507611410(34,23)
(33,23)913454833(33,24)
(34,23)320401392(35,23)
(34,23)329370448(34,24)
(35,23)871000(36,23)
(35,23)1201162069(35,24)
(36,23)910053150(37,23)
(36,23)939882271(36,24)
(37,23)813823381(38,23)
(37,23)900205108(37,24)
(38,23)1622838287(39,23)
(38,23)902411556(38,24)
(39,23)1927454328(40,23)
(39,23)1617869388(39,24)
(40,23)867874951(41,23)
(40,23)1676314462(40,24)
(41,23)931336718(42,23)
(41,23)901211983(41,24)
(42,23)1073881423(43,23)
(42,23)1948377259(42,24)
(43,23)1735551514(44,23)
(43,23)2095802345(43,24)
(44,23)1416023182(45,23)
(44,23)755594861(44,24)
(45,23)972605807(46,23)
(45,23)298125972(45,24)
(46,23)70298129(47,23)
(46,23)115206657(46,24)
(47,23)2016747294(48,23)
(47,23)243110911(47,24)
(48,23)1156565744(49,23)
(48,23)272327630(48,24)
(49,23)376875057(49,24)
(0,24)1476967137(1,24)
(0,24)601698078(0,25)
(1,24)602569078(2,24)
(1,24)1578037126(1,25)
(2,24)340606628(3,24)
(2,24)269365760(2,25)
(3,24)1083189141(4,24)
(3,24)1502774186(3,25)
(4,24)978128825(5,24)
(4,24)1243018184(4,25)
(5,24)1022988865(6,24)
(5,24)553574882(5,25)
(6,24)1421449833(7,24)
(6,24)506959639(6,25)
(7,24)1438296358(8,24)
(7,24)1924200848(7,25)
(8,24)850598623(9,24)
(8,24)1222343444(8,25)
(9,24)810411310(10,24)
(9,24)1386615055(9,25)
(10,24)655154589(11,24)
(10,24)1606193485(10,25)
(11,24)431315644(12,24)
(11,24)1108537283(11,25)
(12,24)1178835412(13,24)
(12,24)770361246(12,25)
(13,24)639624893(14,24)
(13,24)674426555(13,25)
(14,24)1830992300(15,24)
(14,24)1451163042(14,25)
(15,24)2052861120(16,24)
(15,24)1016499950(15,25)
(16,24)447053428(17,24)
(16,24)1160475789(16,25)
(17,24)1429841549(18,24)
(17,24)507946550(17,25)
(18,24)2010720737(19,24)
(18,24)787660056(18,25)
(19,24)2030678241(20,24)
(19,24)365547042(19,25)
(20,24)919121924(21,24)
(20,24)841365914(20,25)
(21,24)1348325554(22,24)
(21,24)906183458(21,25)
(22,24)682900658(23,24)
(22,24)193088109(22,25)
(23,24)1415431554(24,24)
(23,24)639138264(23,25)
(24,24)2025753319(25,24)
(24,24)1533499281(24,25)
(25,24)992209118(26,24)
(25,24)78359216(25,25)
(26,24)1186896499(27,24)
(26,24)533424260(26,25)
(27,24)1303785506(28,24)
(27,24)1423524763(27,25)
(28,24)2097951318(29,24)
(28,24)218248263(28,25)
(29,24)1669411305(30,24)
(29,24)1943410399(29,25)
(30,24)812426701(31,24)
(30,24)1781459970(30,25)
(31,24)794452111(32,24)
(31,24)1574788777(31,25)
(32,24)2082735328(33,24)
(32,24)1259480129(32,25)
(33,24)2047140186(34,24)
(33,24)76810012(33,25)
(34,24)442357055(35,24)
(34,24)1945972417(34,25)
(35,24)639854683(36,24)
(35,24)1930334779(35,25)
(36,24)689034589(37,24)
(36,24)1361478979(36,25)
(37,24)1554567089(38,24)
(37,24)1988180237(37,25)
(38,24)479834853(39,24)
(38,24)1371935247(38,25)
(39,24)757950880(40,24)
(39,24)822514995(39,25)
(40,24)900874211(41,24)
(40,24)358104524(40,25)
(41,24)891528784(42,24)
(41,24)1750159999(41,25)
(42,24)1026201114(43,24)
(42,24)2087770711(42,25)
(43,24)158535326(44,24)
(43,24)47830643(43,25)
(44,24)1991241042(45,24)
(44,24)976668784(44,25)
(45,24)610645107(46,24)
(45,24)1827946632(45,25)
(46,24)1255251761(47,24)
(46,24)656184096(46,25)
(47,24)1915664225(48,24)
(47,24)1405097218(47,25)
(48,24)1481907231(49,24)
(48,24)1190503441(48,25)
(49,24)1815320763(49,25)
(0,25)1924264286(1,25)
(0,25)988992210(0,26)
(1,25)1628846894(2,25)
(1,25)1598171894(1,26)
(2,25)139722835(3,25)
(2,25)1138259617(2,26)
(3,25)545343058(4,25)
(3,25)1469543483(3,26)
(4,25)1949378337(5,25)
(4,25)1511658082(4,26)
(5,25)122125315(6,25)
(5,25)1367858053(5,26)
(6,25)121248617(7,25)
(6,25)159999213(6,26)
(7,25)1051527998(8,25)
(7,25)1872285314(7,26)
(8,25)751002780(9,25)
(8,25)61535680(8,26)
(9,25)220071006(10,25)
(9,25)1099358641(9,26)
(10,25)943116035(11,25)
(10,25)1727671564(10,26)
(11,25)190833023(12,25)
(11,25)2048017638(11,26)
(12,25)1155785752(13,25)
(12,25)1599300131(12,26)
(13,25)1367480709(14,25)
(13,25)1595930242(13,26)
(14,25)930353825(15,25)
(14,25)198805545(14,26)
(15,25)1187797756(16,25)
(15,25)1035317824(15,26)
(16,25)486006071(17,25)
(16,25)707134463(16,26)
(17,25)1845394080(18,25)
(17,25)669161002(17,26)
(18,25)2138704485(19,25)
(18,25)625728906(18,26)
(19,25)2137386989(20,25)
(19,25)243253491(19,26)
(20,25)1611111544(21,25)
(20,25)1940599174(20,26)
(21,25)2100598388(22,25)
(21,25)112028656(21,26)
(22,25)1984313970(23,25)
(22,25)1732360161(22,26)
(23,25)1793895841(24,25)
(23,25)1004642738(23,26)
(24,25)2104001379(25,25)
(24,25)587833102(24,26)
(25,25)168021018(26,25)
(25,25)2013966848(25,26)
(26,25)1914500838(27,25)
(26,25)899633766(26,26)
(27,25)351450250(28,25)
(27,25)358854042(27,26)
(28,25)1954784284(29,25)
(28,25)922802942(28,26)
(29,25)1121608488(30,25)
(29,25)1718930959(29,26)
(30,25)606765135(31,25)
(30,25)737654461(30,26)
(31,25)1444788924(32,25)
(31,25)161922596(31,26)
(32,25)831083598(33,25)
(32,25)1092771206(32,26)
(33,25)1718500113(34,25)
(33,25)1142699356(33,26)
(34,25)1385952847(35,25)
(34,25)822304435(34,26)
(35,25)615419962(36,25)
(35,25)1708403454(35,26)
(36,25)1820432110(37,25)
(36,25)849580744(36,26)
(37,25)434457257(38,25)
(37,25)568534702(37,26)
(38,25)1573177440(39,25)
(38,25)1657262432(38,26)
(39,25)97611886(40,25)
(39,25)80869451(39,26)
(40,25)2094836299(41,25)
(40,25)1529695171(40,26)
(41,25)281845289(42,25)
(41,25)265632904(41,26)
(42,25)624486946(43,25)
(42,25)1861853489(42,26)
(43,25)637172784(44,25)
(43,25)633295539(43,26)
(44,25)204742850(45,25)
(44,25)431787582(44,26)
(45,25)1169442043(46,25)
(45,25)1758781272(45,26)
(46,25)1920703868(47,25)
(46,25)811507986(46,26)
(47,25)1904279192(48,25)
(47,25)466747319(47,26)
(48,25)1609446676(49,25)
(48,25)604303818(48,26)
(49,25)1475295657(49,26)
(0,26)847915875(1,26)
(0,26)1426608253(0,27)
(1,26)2042028215(2,26)
(1,26)1036215463(1,27)
(2,26)709163925(3,26)
(2,26)1697496619(2,27)
(3,26)2131953877(4,26)
(3,26)463079269(3,27)
(4,26)2036256709(5,26)
(4,26)218942709(4,27)
(5,26)316554595(6,26)
(5,26)65339680(5,27)
(6,26)12692331(7,26)
(6,26)1418468232(6,27)
(7,26)1700313522(8,26)
(7,26)582187500(7,27)
(8,26)1206674446(9,26)
(8,26)1874545820(8,27)
(9,26)364234956(10,26)
(9,26)186125413(9,27)
(10,26)390868264(11,26)
(10,26)1638462029(10,27)
(11,26)660420424(12,26)
(11,26)2123016228(11,27)
(12,26)1896236448(13,26)
(12,26)1202376250(12,27)
(13,26)959171794(14,26)
(13,26)1127167744(13,27)
(14,26)589130772(15,26)
(14,26)353056618(14,27)
(15,26)1779664872(16,26)
(15,26)286983804(15,27)
(16,26)1323199267(17,26)
(16,26)1437046647(16,27)
(17,26)987059619(18,26)
(17,26)1674209439(17,27)
(18,26)2137288709(19,26)
(18,26)2032363193(18,27)
(19,26)103822254(20,26)
(19,26)971529848(19,27)
(20,26)1036869528(21,26)
(20,26)2026061770(20,27)
(21,26)1297046355(22,26)
(21,26)420376850(21,27)
(22,26)1002564350(23,26)
(22,26)1049561859(22,27)
(23,26)776624031(24,26)
(23,26)849876229(23,27)
(24,26)1036001642(25,26)
(24,26)61755148(24,27)
(25,26)1700217177(26,26)
(25,26)1140858988(25,27)
(26,26)1116391568(27,26)
(26,26)1426869906(26,27)
(27,26)481762508(28,26)
(27,26)213153954(27,27)
(28,26)1340321698(29,26)
(28,26)865144369(28,27)
(29,26)1218200987(30,26)
(29,26)1440934303(29,27)
(30,26)1727918107(31,26)
(30,26)1929452470(30,27)
(31,26)1219015469(32,26)
(31,26)850382211(31,27)
(32,26)377108003(33,26)
(32,26)903633726(32,27)
(33,26)788513271(34,26)
(33,26)58591440(33,27)
(34,26)1030121288(35,26)
(34,26)366913064(34,27)
(35,26)245491186(36,26)
(35,26)892335526(35,27)
(36,26)1312712376(37,26)
(36,26)2066990816(36,27)
(37,26)969069027(38,26)
(37,26)1542537541(37,27)
(38,26)244930122(39,26)
(38,26)167793078(38,27)
(39,26)229548226(40,26)
(39,26)1745693059(39,27)
(40,26)739068399(41,26)
(40,26)1280931765(40,27)
(41,26)560318023(42,26)
(41,26)1929765404(41,27)
(42,26)2142919358(43,26)
(42,26)1855459967(42,27)
(43,26)573120688(44,26)
(43,26)1042080532(43,27)
(44,26)335531187(45,26)
(44,26)1335757408(44,27)
(45,26)1117726230(46,26)
(45,26)1791321676(45,27)
(46,26)494220239(47,26)
(46,26)2063449294(46,27)
(47,26)819599372(48,26)
(47,26)189258051(47,27)
(48,26)247849492(49,26)
(48,26)871328242(48,27)
(49,26)1608112644(49,27)
(0,27)1277970780(1,27)
(0,27)1238241306(0,28)
(1,27)1483732493(2,27)
(1,27)352964522(1,28)
(2,27)1665676898(3,27)
(2,27)1197477949(2,28)
(3,27)19063328(4,27)
(3,27)878786386(3,28)
(4,27)1123716509(5,27)
(4,27)1833469976(4,28)
(5,27)2063018202(6,27)
(5,27)1764756387(5,28)
(6,27)356341138(7,27)
(6,27)257164626(6,28)
(7,27)817482649(8,27)
(7,27)1845299958(7,28)
(8,27)1840735668(9,27)
(8,27)64317458(8,28)
(9,27)637438146(10,27)
(9,27)1859563181(9,28)
(10,27)47610720(11,27)
(10,27)1029009428(10,28)
(11,27)2146735658(12,27)
(11,27)281276174(11,28)
(12,27)775496414(13,27)
(12,27)2111060014(12,28)
(13,27)783175739(14,27)
(13,27)188510062(13,28)
(14,27)436359554(15,27)
(14,27)1646824656(14,28)
(15,27)737582315(16,27)
(15,27)243804735(15,28)
(16,27)596769257(17,27)
(16,27)1714330334(16,28)
(17,27)764324635(18,27)
(17,27)73831160(17,28)
(18,27)952617546(19,27)
(18,27)114962507(18,28)
(19,27)1948432483(20,27)
(19,27)783387964(19,28)
(20,27)400660703(21,27)
(20,27)2076334055(20,28)
(21,27)186015033(22,27)
(21,27)1863967037(21,28)
(22,27)1561783348(23,27)
(22,27)757001842(22,28)
(23,27)821319300(24,27)
(23,27)1003497683(23,28)
(24,27)715577216(25,27)
(24,27)1255035368(24,28)
(25,27)136561149(26,27)
(25,27)1458757446(25,28)
(26,27)1740033621(27,27)
(26,27)763187937(26,28)
(27,27)726764303(28,27)
(27,27)135813159(27,28)
(28,27)324323221(29,27)
(28,27)368046387(28,28)
(29,27)2014871043(30,27)
(29,27)1509940042(29,28)
(30,27)1753744777(31,27)
(30,27)760682775(30,28)
(31,27)327529462(32,27)
(31,27)604969710(31,28)
(32,27)678800870(33,27)
(32,27)203030386(32,28)
(33,27)317992893(34,27)
(33,27)1091854097(33,28)
(34,27)1875242061(35,27)
(34,27)1631418417(34,28)
(35,27)1560268824(36,27)
(35,27)118941728(35,28)
(36,27)1982908766(37,27)
(36,27)128419117(36,28)
(37,27)885420959(38,27)
(37,27)1746283858(37,28)
(38,27)602297893(39,27)
(38,27)1397208466(38,28)
(39,27)504760186(40,27)
(39,27)1706740259(39,28)
(40,27)1018014057(41,27)
(40,27)1317875109(40,28)
(41,27)2081063046(42,27)
(41,27)641321335(41,28)
(42,27)777134495(43,27)
(42,27)610564030(42,28)
(43,27)978610417(44,27)
(43,27)660343702(43,28)
(44,27)22800096(45,27)
(44,27)1101457716(44,28)
(45,27)1862140492(46,27)
(45,27)845997813(45,28)
(46,27)1450967523(47,27)
(46,27)1776544874(46,28)
(47,27)1979575260(48,27)
(47,27)42186306(47,28)
(48,27)1134040403(49,27)
(48,27)2129768394(48,28)
(49,27)150084506(49,28)
(0,28)861798817(1,28)
(0,28)1613703163(0,29)
(1,28)1026488339(2,28)
(1,28)269026234(1,29)
(2,28)104451352(3,28)
(2,28)990217934(2,29)
(3,28)1875638893(4,28)
(3,28)625288549(3,29)
(4,28)1227586442(5,28)
(4,28)1501659818(4,29)
(5,28)2006420005(6,28)
(5,28)1434895504(5,29)
(6,28)305425913(7,28)
(6,28)397977904(6,29)
(7,28)331557302(8,28)
(7,28)500257692(7,29)
(8,28)1277392187(9,28)
(8,28)915989944(8,29)
(9,28)1894600361(10,28)
(9,28)991901004(9,29)
(10,28)1014701101(11,28)
(10,28)231366256(10,29)
(11,28)2093506748(12,28)
(11,28)593114526(11,29)
(12,28)2044082050(13,28)
(12,28)643762327(12,29)
(13,28)475853939(14,28)
(13,28)2135693054(13,29)
(14,28)1122249809(15,28)
(14,28)2026366796(14,29)
(15,28)1492586311(16,28)
(15,28)625938445(15,29)
(16,28)894964680(17,28)
(16,28)1984048626(16,29)
(17,28)826782912(18,28)
(17,28)371591002(17,29)
(18,28)996879552(19,28)
(18,28)999416032(18,29)
(19,28)353592203(20,28)
(19,28)554938157(19,29)
(20,28)1989833661(21,28)
(20,28)76982346(20,29)
(21,28)474960250(22,28)
(21,28)212528560(21,29)
(22,28)712786252(23,28)
(22,28)147775927(22,29)
(23,28)1063765871(24,28)
(23,28)806517553(23,29)
(24,28)1798418557(25,28)
(24,28)1990178440(24,29)
(25,28)74061048(26,28)
(25,28)810882584(25,29)
(26,28)1403997111(27,28)
(26,28)665636010(26,29)
(27,28)1309398337(28,28)
(27,28)20084148(27,29)
(28,28)8293554(29,28)
(28,28)1300595513(28,29)
(29,28)1179478661(30,28)
(29,28)1785252277(29,29)
(30,28)263707074(31,28)
(30,28)1130543363(30,29)
(31,28)967108342(32,28)
(31,28)524581324(31,29)
(32,28)896172326(33,28)
(32,28)1158671754(32,29)
(33,28)10604139(34,28)
(33,28)1793891254(33,29)
(34,28)201345764(35,28)
(34,28)1893051878(34,29)
(35,28)1970034225(36,28)
(35,28)364196342(35,29)
(36,28)576724902(37,28)
(36,28)43695777(36,29)
(37,28)191471704(38,28)
(37,28)297510827(37,29)
(38,28)1104028380(39,28)
(38,28)1289511154(38,29)
(39,28)1132205946(40,28)
(39,28)1255237575(39,29)
(40,28)2066120160(41,28)
(40,28)754963290(40,29)
(41,28)1420599300(42,28)
(41,28)1206266994(41,29)
(42,28)1226351142(43,28)
(42,28)1322633623(42,29)
(43,28)475745488(44,28)
(43,28)582513990(43,29)
(44,28)220282619(45,28)
(44,28)1234644696(44,29)
(45,28)217704412(46,28)
(45,28)1655224149(45,29)
(46,28)32321825(47,28)
(46,28)483989693(46,29)
(47,28)1642661448(48,28)
(47,28)1184812754(47,29)
(48,28)831220360(49,28)
(48,28)928494151(48,29)
(49,28)1653265587(49,29)
(0,29)674062382(1,29)
(1,29)1032566124(2,29)
(2,29)2017461929(3,29)
(3,29)496612959(4,29)
(4,29)1076261902(5,29)
(5,29)446703183(6,29)
(6,29)794123786(7,29)
(7,29)1267733606(8,29)
(8,29)1736214337(9,29)
(9,29)1898152167(10,29)
(10,29)375487534(11,29)
(11,29)720936636(12,29)
(12,29)505631809(13,29)
(13,29)294124046(14,29)
(14,29)1927203630(15,29)
(15,29)1926231109(16,29)
(16,29)1616757669(17,29)
(17,29)1006071125(18,29)
(18,29)361261451(19,29)
(19,29)2092503157(20,29)
(20,29)93232173(21,29)
(21,29)581544070(22,29)
(22,29)1600243658(23,29)
(23,29)310936585(24,29)
(24,29)1065533764(25,29)
(25,29)1632565483(26,29)
(26,29)1495749339(27,29)
(27,29)560711564(28,29)
(28,29)413575986(29,29)
(29,29)179486052(30,29)
(30,29)66493503(31,29)
(31,29)1087638368(32,29)
(32,29)1212052176(33,29)
(33,29)2083955432(34,29)
(34,29)1584251327(35,29)
(35,29)140830430(36,29)
(36,29)383174967(37,29)
(37,29)230891466(38,29)
(38,29)1408564037(39,29)
(39,29)2119389304(40,29)
(40,29)2129043633(41,29)
(41,29)1784051571(42,29)
(42,29)692842292(43,29)
(43,29)487191794(44,29)
(44,29)2078175617(45,29)
(45,29)472562275(46,29)
(46,29)265939255(47,29)
(47,29)1547449638(48,29)
(48,29)1478633400(49,29)
