50 37
(0,0)611911301(1,0)
(0,0)677741240(0,1)
(1,0)1039653884(2,0)
(1,0)516687479(1,1)
(2,0)115325623(3,0)
(2,0)807009856(2,1)
(3,0)2083069270(4,0)
(3,0)1224653905(3,1)
(4,0)922406371(5,0)
(4,0)1106860981(4,1)
(5,0)322411828(6,0)
(5,0)876420180(5,1)
(6,0)1356425747(7,0)
(6,0)1259609597(6,1)
(7,0)883344301(8,0)
(7,0)1318253490(7,1)
(8,0)1871801538(9,0)
(8,0)229978180(8,1)
(9,0)1334753943(10,0)
(9,0)567764310(9,1)
(10,0)768869741(11,0)
(10,0)1440409294(10,1)
(11,0)1147132415(12,0)
(11,0)447440212(11,1)
(12,0)1813670413(13,0)
(12,0)825732306(12,1)
(13,0)991129617(14,0)
(13,0)1897413451(13,1)
(14,0)1658754524(15,0)
(14,0)1396963907(14,1)
(15,0)2074705148(16,0)
(15,0)1065898046(15,1)
(16,0)1582585525(17,0)
(16,0)123182177(16,1)
(17,0)930192033(18,0)
(17,0)966875384(17,1)
(18,0)44045642(19,0)
(18,0)1697911148(18,1)
(19,0)657288481(20,0)
(19,0)865777656(19,1)
(20,0)1742197836(21,0)
(20,0)966452013(20,1)
(21,0)78577962(22,0)
(21,0)979700309(21,1)
(22,0)150470151(23,0)
(22,0)951139936(22,1)
(23,0)1181118116(24,0)
(23,0)961922264(23,1)
(24,0)1529686574(25,0)
(24,0)2022271690(24,1)
(25,0)1315197336(26,0)
(25,0)368388411(25,1)
(26,0)815828623(27,0)
(26,0)151072667(26,1)
(27,0)976804973(28,0)
(27,0)314846104(27,1)
(28,0)64775907(29,0)
(28,0)482015388(28,1)
(29,0)1878979296(30,0)
(29,0)1967934590(29,1)
(30,0)886348988(31,0)
(30,0)1723530431(30,1)
(31,0)1846712609(32,0)
(31,0)1806200796(31,1)
(32,0)625592532(33,0)
(32,0)321450865(32,1)
(33,0)2019362013(34,0)
(33,0)629420994(33,1)
(34,0)1495198650(35,0)
(34,0)669638174(34,1)
(35,0)1636090187(36,0)
(35,0)529166846(35,1)
(36,0)1508867155(37,0)
(36,0)1089912839(36,1)
(37,0)2041052775(38,0)
(37,0)1714668150(37,1)
(38,0)529106766(39,0)
(38,0)1659337307(38,1)
(39,0)1534125349(40,0)
(39,0)1074687243(39,1)
(40,0)1443075654(41,0)
(40,0)2058793340(40,1)
(41,0)62382359(42,0)
(41,0)701839037(41,1)
(42,0)1016685141(43,0)
(42,0)111420630(42,1)
(43,0)593436018(44,0)
(43,0)1039187332(43,1)
(44,0)859638275(45,0)
(44,0)1081461048(44,1)
(45,0)657507832(46,0)
(45,0)324931666(45,1)
(46,0)2131132462(47,0)
(46,0)1745987263(46,1)
(47,0)2067438129(48,0)
(47,0)356736793(47,1)
(48,0)986157787(49,0)
(48,0)609241347(48,1)
(49,0)1939316494(49,1)
(0,1)333872790(1,1)
(0,1)1278879521(0,2)
(1,1)767486061(2,1)
(1,1)320999693(1,2)
(2,1)1829866848(3,1)
(2,1)1423785629(2,2)
(3,1)1317354756(4,1)
(3,1)334670563(3,2)
(4,1)863777329(5,1)
(4,1)1341720507(4,2)
(5,1)728362208(6,1)
(5,1)244558351(5,2)
(6,1)1687634005(7,1)
(6,1)775087021(6,2)
(7,1)837469380(8,1)
(7,1)1430201246(7,2)
(8,1)299402739(9,1)
(8,1)1799054635(8,2)
(9,1)245007006(10,1)
(9,1)1876656712(9,2)
(10,1)588811339(11,1)
(10,1)1380863788(10,2)
(11,1)2038371620(12,1)
(11,1)569938672(11,2)
(12,1)553587487(13,1)
(12,1)187314955(12,2)
(13,1)107269436(14,1)
(13,1)247624765(13,2)
(14,1)1233782552(15,1)
(14,1)1162828834(14,2)
(15,1)294224707(16,1)
(15,1)2046585930(15,2)
(16,1)220101975(17,1)
(16,1)1567655342(16,2)
(17,1)843957323(18,1)
(17,1)1061710768(17,2)
(18,1)1396381331(19,1)
(18,1)2049968824(18,2)
(19,1)1244205683(20,1)
(19,1)13828431(19,2)
(20,1)258386782(21,1)
(20,1)112675012(20,2)
(21,1)887762033(22,1)
(21,1)1972567892(21,2)
(22,1)1255285490(23,1)
(22,1)1946020788(22,2)
(23,1)1597591775(24,1)
(23,1)1725231413(23,2)
(24,1)1454404478(25,1)
(24,1)1554688229(24,2)
(25,1)788068369(26,1)
(25,1)1842598781(25,2)
(26,1)265053806(27,1)
(26,1)2043215817(26,2)
(27,1)83047124(28,1)
(27,1)678956341(27,2)
(28,1)926581106(29,1)
(28,1)818641293(28,2)
(29,1)1981470127(30,1)
(29,1)190316560(29,2)
(30,1)89418843(31,1)
(30,1)12880011(30,2)
(31,1)1580535353(32,1)
(31,1)128211186(31,2)
(32,1)1189921955(33,1)
(32,1)309520818(32,2)
(33,1)212005994(34,1)
(33,1)277009029(33,2)
(34,1)290837460(35,1)
(34,1)438819638(34,2)
(35,1)551494651(36,1)
(35,1)1456211678(35,2)
(36,1)1281295922(37,1)
(36,1)549224243(36,2)
(37,1)347761383(38,1)
(37,1)1439256684(37,2)
(38,1)1017004450(39,1)
(38,1)389097764(38,2)
(39,1)1943785993(40,1)
(39,1)1945353158(39,2)
(40,1)1640468292(41,1)
(40,1)323925280(40,2)
(41,1)219657449(42,1)
(41,1)584370715(41,2)
(42,1)1263327056(43,1)
(42,1)1905522098(42,2)
(43,1)576679743(44,1)
(43,1)302704574(43,2)
(44,1)493021134(45,1)
(44,1)42424515(44,2)
(45,1)55304526(46,1)
(45,1)410666222(45,2)
(46,1)538877408(47,1)
(46,1)582439977(46,2)
(47,1)891960796(48,1)
(47,1)1635839879(47,2)
(48,1)1912848908(49,1)
(48,1)1728799363(48,2)
(49,1)1103966790(49,2)
(0,2)56202721(1,2)
(0,2)20135354(0,3)
(1,2)571630005(2,2)
(1,2)412694820(1,3)
(2,2)1693990742(3,2)
(2,2)605426964(2,3)
(3,2)953188347(4,2)
(3,2)2010886689(3,3)
(4,2)880407491(5,2)
(4,2)2083088506(4,3)
(5,2)1879390852(6,2)
(5,2)751057857(5,3)
(6,2)244042501(7,2)
(6,2)1204332771(6,3)
(7,2)1423990221(8,2)
(7,2)316277919(7,3)
(8,2)1579604975(9,2)
(8,2)2080951(8,3)
(9,2)578760694(10,2)
(9,2)1726694795(9,3)
(10,2)72232281(11,2)
(10,2)1622029490(10,3)
(11,2)1677334016(12,2)
(11,2)989426916(11,3)
(12,2)1528304325(13,2)
(12,2)654672259(12,3)
(13,2)1546633055(14,2)
(13,2)1165690248(13,3)
(14,2)931055508(15,2)
(14,2)1109620040(14,3)
(15,2)1129755394(16,2)
(15,2)503116197(15,3)
(16,2)915811018(17,2)
(16,2)987258229(16,3)
(17,2)1592685193(18,2)
(17,2)1701385399(17,3)
(18,2)1564788441(19,2)
(18,2)462318112(18,3)
(19,2)397922971(20,2)
(19,2)398389892(19,3)
(20,2)1149447750(21,2)
(20,2)297712284(20,3)
(21,2)1502045056(22,2)
(21,2)129830175(21,3)
(22,2)446108094(23,2)
(22,2)1393490251(22,3)
(23,2)1395571203(24,2)
(23,2)778551629(23,3)
(24,2)357762776(25,2)
(24,2)2025713069(24,3)
(25,2)1500258912(26,2)
(25,2)1974331897(25,3)
(26,2)816275166(27,2)
(26,2)429995057(26,3)
(27,2)1084667316(28,2)
(27,2)1030109280(27,3)
(28,2)48315880(29,2)
(28,2)197095843(28,3)
(29,2)1306715883(30,2)
(29,2)483816723(29,3)
(30,2)986932921(31,2)
(30,2)979371389(30,3)
(31,2)1966629618(32,2)
(31,2)288987630(31,3)
(32,2)1990373029(33,2)
(32,2)1902743939(32,3)
(33,2)217578403(34,2)
(33,2)1411831164(33,3)
(34,2)1810221056(35,2)
(34,2)1407677822(34,3)
(35,2)1705390107(36,2)
(35,2)615501374(35,3)
(36,2)745331549(37,2)
(36,2)812185158(36,3)
(37,2)58191762(38,2)
(37,2)1059951515(37,3)
(38,2)1838503144(39,2)
(38,2)1191439643(38,3)
(39,2)1069669065(40,2)
(39,2)1453762965(39,3)
(40,2)1280611214(41,2)
(40,2)48782272(40,3)
(41,2)478777329(42,2)
(41,2)422444329(41,3)
(42,2)1452553609(43,2)
(42,2)2096886380(42,3)
(43,2)146498575(44,2)
(43,2)1563444646(43,3)
(44,2)2047261369(45,2)
(44,2)1500869490(44,3)
(45,2)332757231(46,2)
(45,2)1453214459(45,3)
(46,2)1742202089(47,2)
(46,2)886710642(46,3)
(47,2)641970933(48,2)
(47,2)151903201(47,3)
(48,2)1563734365(49,2)
(48,2)1585091470(48,3)
(49,2)859549337(49,3)
(0,3)1226471774(1,3)
(0,3)845285645(0,4)
(1,3)403192104(2,3)
(1,3)1475050711(1,4)
(2,3)72898613(3,3)
(2,3)2038656932(2,4)
(3,3)2096848694(4,3)
(3,3)1463143619(3,4)
(4,3)1154163115(5,3)
(4,3)1264338256(4,4)
(5,3)186523673(6,3)
(5,3)1403128011(5,4)
(6,3)536255578(7,3)
(6,3)1202945387(6,4)
(7,3)1681722716(8,3)
(7,3)608968002(7,4)
(8,3)2061521612(9,3)
(8,3)485658310(8,4)
(9,3)632156886(10,3)
(9,3)1097683714(9,4)
(10,3)997461436(11,3)
(10,3)1414907454(10,4)
(11,3)1747664685(12,3)
(11,3)2085371345(11,4)
(12,3)1680089786(13,3)
(12,3)1884172078(12,4)
(13,3)378659364(14,3)
(13,3)1899567886(13,4)
(14,3)1315818604(15,3)
(14,3)1117697608(14,4)
(15,3)1962983253(16,3)
(15,3)1238208701(15,4)
(16,3)565775764(17,3)
(16,3)394806730(16,4)
(17,3)285980014(18,3)
(17,3)218691709(17,4)
(18,3)1681835328(19,3)
(18,3)638674377(18,4)
(19,3)1903012634(20,3)
(19,3)235345061(19,4)
(20,3)1638473072(21,3)
(20,3)688514795(20,4)
(21,3)1891460182(22,3)
(21,3)2089536307(21,4)
(22,3)551020662(23,3)
(22,3)27245002(22,4)
(23,3)512903313(24,3)
(23,3)1425699251(23,4)
(24,3)375899317(25,3)
(24,3)465058626(24,4)
(25,3)1879966080(26,3)
(25,3)1145060199(25,4)
(26,3)1082947896(27,3)
(26,3)1373360753(26,4)
(27,3)1110049184(28,3)
(27,3)1480147117(27,4)
(28,3)1232231355(29,3)
(28,3)615554034(28,4)
(29,3)1733251642(30,3)
(29,3)1488708548(29,4)
(30,3)579433601(31,3)
(30,3)400566311(30,4)
(31,3)795373041(32,3)
(31,3)1548751248(31,4)
(32,3)1767442957(33,3)
(32,3)1145209365(32,4)
(33,3)1783883743(34,3)
(33,3)1081353056(33,4)
(34,3)1316698117(35,3)
(34,3)1301794638(34,4)
(35,3)1990309433(36,3)
(35,3)1539412729(35,4)
(36,3)1481465388(37,3)
(36,3)807687541(36,4)
(37,3)834932544(38,3)
(37,3)1734285968(37,4)
(38,3)1012501571(39,3)
(38,3)2032486050(38,4)
(39,3)350061028(40,3)
(39,3)1347835857(39,4)
(40,3)345412408(41,3)
(40,3)1388400888(40,4)
(41,3)614277994(42,3)
(41,3)82543460(41,4)
(42,3)1562690577(43,3)
(42,3)1428360304(42,4)
(43,3)2043914338(44,3)
(43,3)1724327178(43,4)
(44,3)1065552078(45,3)
(44,3)647438285(44,4)
(45,3)1048004596(46,3)
(45,3)1629682332(45,4)
(46,3)1030949932(47,3)
(46,3)1644985679(46,4)
(47,3)642711396(48,3)
(47,3)1843377638(47,4)
(48,3)777247046(49,3)
(48,3)650909242(48,4)
(49,3)279111491(49,4)
(0,4)2093945163(1,4)
(0,4)1952703880(0,5)
(1,4)1795529665(2,4)
(1,4)1818524220(1,5)
(2,4)1152505961(3,4)
(2,4)754149056(2,5)
(3,4)1589081600(4,4)
(3,4)1382331985(3,5)
(4,4)247349908(5,4)
(4,4)1037508363(4,5)
(5,4)1387569392(6,4)
(5,4)789433809(5,5)
(6,4)1134846217(7,4)
(6,4)1635750797(6,5)
(7,4)102545143(8,4)
(7,4)1470112852(7,5)
(8,4)885319782(9,4)
(8,4)415722873(8,5)
(9,4)312153563(10,4)
(9,4)1826872321(9,5)
(10,4)744940751(11,4)
(10,4)1532758067(10,5)
(11,4)433279015(12,4)
(11,4)1941835896(11,5)
(12,4)825302180(13,4)
(12,4)242442782(12,5)
(13,4)885154178(14,4)
(13,4)129173005(13,5)
(14,4)906420051(15,4)
(14,4)1476211422(14,5)
(15,4)1281431654(16,4)
(15,4)1164265670(15,5)
(16,4)835306242(17,4)
(16,4)852881566(16,5)
(17,4)1607030623(18,4)
(17,4)929477672(17,5)
(18,4)164326009(19,4)
(18,4)1987812203(18,5)
(19,4)877836919(20,4)
(19,4)1048628575(19,5)
(20,4)1838062385(21,4)
(20,4)411675918(20,5)
(21,4)2047426715(22,4)
(21,4)117922663(21,5)
(22,4)1588035515(23,4)
(22,4)825424954(22,5)
(23,4)1241147828(24,4)
(23,4)2488210(23,5)
(24,4)1829360531(25,4)
(24,4)325871649(24,5)
(25,4)1858629716(26,4)
(25,4)1553301391(25,5)
(26,4)1347653639(27,4)
(26,4)426817634(26,5)
(27,4)669260416(28,4)
(27,4)144425084(27,5)
(28,4)273598089(29,4)
(28,4)25472172(28,5)
(29,4)1501683594(30,4)
(29,4)1554414594(29,5)
(30,4)571196616(31,4)
(30,4)1180018141(30,5)
(31,4)2032899707(32,4)
(31,4)635631601(31,5)
(32,4)1565109273(33,4)
(32,4)1406502859(32,5)
(33,4)1246831414(34,4)
(33,4)1492446682(33,5)
(34,4)393591610(35,4)
(34,4)1729435282(34,5)
(35,4)2141111200(36,4)
(35,4)2124668333(35,5)
(36,4)95107348(37,4)
(36,4)84170347(36,5)
(37,4)909595301(38,4)
(37,4)2041054267(37,5)
(38,4)2043542477(39,4)
(38,4)1683142864(38,5)
(39,4)2009014513(40,4)
(39,4)3259481(39,5)
(40,4)1556560873(41,4)
(40,4)1725419360(40,5)
(41,4)4753346(42,4)
(41,4)1720160582(41,5)
(42,4)1864585666(43,4)
(42,4)756730864(42,5)
(43,4)782203036(44,4)
(43,4)674013762(43,5)
(44,4)80944709(45,4)
(44,4)2138183755(44,5)
(45,4)1170718248(46,4)
(45,4)136402983(45,5)
(46,4)772034584(47,4)
(46,4)652141325(46,5)
(47,4)2058644184(48,4)
(47,4)1056134308(47,5)
(48,4)401097342(49,4)
(48,4)189660209(48,5)
(49,4)1157991951(49,5)
(0,5)794688952(1,5)
(0,5)1919095491(0,6)
(1,5)1912723044(2,5)
(1,5)1135176636(1,6)
(2,5)1230283985(3,5)
(2,5)878859299(2,6)
(3,5)1788454601(4,5)
(3,5)1806293663(3,6)
(4,5)1702352493(5,5)
(4,5)765943201(4,6)
(5,5)627474066(6,5)
(5,5)1791714082(5,6)
(6,5)1200791307(7,5)
(6,5)1280288205(6,6)
(7,5)1285041552(8,5)
(7,5)200151000(7,6)
(8,5)2064736666(9,5)
(8,5)1957522172(8,6)
(9,5)592241560(10,5)
(9,5)1959055314(9,6)
(10,5)2040000023(11,5)
(10,5)2055436774(10,6)
(11,5)1078671374(12,5)
(11,5)728644543(11,6)
(12,5)1500679127(13,5)
(12,5)544657701(12,6)
(13,5)455818237(14,5)
(13,5)2134805682(13,6)
(14,5)388419377(15,5)
(14,5)1690339336(14,6)
(15,5)1461951180(16,5)
(15,5)1613810188(15,6)
(16,5)601503177(17,5)
(16,5)1183108329(16,6)
(17,5)2061967629(18,5)
(17,5)1227190576(17,6)
(18,5)886000591(19,5)
(18,5)1831787162(18,6)
(19,5)450246715(20,5)
(19,5)1702938582(19,6)
(20,5)1347169016(21,5)
(20,5)440869436(20,6)
(21,5)1721157642(22,5)
(21,5)1077720781(21,6)
(22,5)1277871782(23,5)
(22,5)400476676(22,6)
(23,5)210515200(24,5)
(23,5)858715546(23,6)
(24,5)670287212(25,5)
(24,5)1195124800(24,6)
(25,5)1103077926(26,5)
(25,5)802756760(25,6)
(26,5)1531401304(27,5)
(26,5)562803588(26,6)
(27,5)1107461289(28,5)
(27,5)34265653(27,6)
(28,5)21587687(29,5)
(28,5)884596783(28,6)
(29,5)427452472(30,5)
(29,5)1563279526(29,6)
(30,5)1029606067(31,5)
(30,5)410007064(30,6)
(31,5)1593115394(32,5)
(31,5)1889403652(31,6)
(32,5)969110580(33,5)
(32,5)1631109244(32,6)
(33,5)1315412758(34,5)
(33,5)1507599375(33,6)
(34,5)1063054309(35,5)
(34,5)1855111171(34,6)
(35,5)148496960(36,5)
(35,5)1765659473(35,6)
(36,5)695896606(37,5)
(36,5)262739677(36,6)
(37,5)663216353(38,5)
(37,5)1869654602(37,6)
(38,5)580886500(39,5)
(38,5)1973768388(38,6)
(39,5)1021409541(40,5)
(39,5)873731553(39,6)
(40,5)1676488314(41,5)
(40,5)1251173712(40,6)
(41,5)1813977300(42,5)
(41,5)2124487467(41,6)
(42,5)11269472(43,5)
(42,5)1060405970(42,6)
(43,5)1945002753(44,5)
(43,5)773954941(43,6)
(44,5)189750820(45,5)
(44,5)32857160(44,6)
(45,5)442864224(46,5)
(45,5)224971577(45,6)
(46,5)2114375229(47,5)
(46,5)1219356887(46,6)
(47,5)702982483(48,5)
(47,5)2035979618(47,6)
(48,5)1396095345(49,5)
(48,5)936002161(48,6)
(49,5)2018395241(49,6)
(0,6)311666006(1,6)
(0,6)643629685(0,7)
(1,6)792126645(2,6)
(1,6)1636571066(1,7)
(2,6)184984024(3,6)
(2,6)574405684(2,7)
(3,6)1237622037(4,6)
(3,6)514297599(3,7)
(4,6)1095184099(5,6)
(4,6)11268765(4,7)
(5,6)1032678306(6,6)
(5,6)2111353591(5,7)
(6,6)1640358257(7,6)
(6,6)198874163(6,7)
(7,6)2012851464(8,6)
(7,6)1009682125(7,7)
(8,6)1020951598(9,6)
(8,6)553280579(8,7)
(9,6)350799684(10,6)
(9,6)639322757(9,7)
(10,6)829073577(11,6)
(10,6)1053808758(10,7)
(11,6)1496672982(12,6)
(11,6)575771262(11,7)
(12,6)542662843(13,6)
(12,6)2048430464(12,7)
(13,6)603929299(14,6)
(13,6)1385168953(13,7)
(14,6)633780650(15,6)
(14,6)1478665005(14,7)
(15,6)2122294690(16,6)
(15,6)474840892(15,7)
(16,6)2111411958(17,6)
(16,6)945446657(16,7)
(17,6)1519852341(18,6)
(17,6)766937687(17,7)
(18,6)1281235286(19,6)
(18,6)148912335(18,7)
(19,6)160181100(20,6)
(19,6)609990730(19,7)
(20,6)573860673(21,6)
(20,6)228935737(20,7)
(21,6)427809900(22,6)
(21,6)1192859406(21,7)
(22,6)55057883(23,6)
(22,6)66735282(22,7)
(23,6)620015861(24,6)
(23,6)293177716(23,7)
(24,6)932500474(25,6)
(24,6)1076009481(24,7)
(25,6)2129818239(26,6)
(25,6)970815546(25,7)
(26,6)1546586808(27,6)
(26,6)1761574051(26,7)
(27,6)1662520868(28,6)
(27,6)1479007574(27,7)
(28,6)716692879(29,6)
(28,6)2089249651(28,7)
(29,6)1420431008(30,6)
(29,6)118966519(29,7)
(30,6)593807412(31,6)
(30,6)1350473529(30,7)
(31,6)148436538(32,6)
(31,6)1395242050(31,7)
(32,6)14696089(33,6)
(32,6)557735722(32,7)
(33,6)706648057(34,6)
(33,6)1668288879(33,7)
(34,6)130795962(35,6)
(34,6)1295931375(34,7)
(35,6)1524867112(36,6)
(35,6)866829157(35,7)
(36,6)2059688563(37,6)
(36,6)704656635(36,7)
(37,6)771391918(38,6)
(37,6)1952677013(37,7)
(38,6)98371081(39,6)
(38,6)2114746447(38,7)
(39,6)1043272280(40,6)
(39,6)1391407779(39,7)
(40,6)214739677(41,6)
(40,6)1030871555(40,7)
(41,6)644961959(42,6)
(41,6)1025606872(41,7)
(42,6)357130798(43,6)
(42,6)1761326485(42,7)
(43,6)1703092489(44,6)
(43,6)159999179(43,7)
(44,6)278965698(45,6)
(44,6)1073823677(44,7)
(45,6)276813558(46,6)
(45,6)976039849(45,7)
(46,6)223798252(47,6)
(46,6)872773110(46,7)
(47,6)1430508833(48,6)
(47,6)425250097(47,7)
(48,6)2093538976(49,6)
(48,6)238494341(48,7)
(49,6)2137156890(49,7)
(0,7)76851290(1,7)
(0,7)1534425717(0,8)
(1,7)911809181(2,7)
(1,7)856502400(1,8)
(2,7)768707315(3,7)
(2,7)781507926(2,8)
(3,7)1552899844(4,7)
(3,7)717002546(3,8)
(4,7)815373628(5,7)
(4,7)735970114(4,8)
(5,7)1779242395(6,7)
(5,7)796823975(5,8)
(6,7)1011563653(7,7)
(6,7)1846245183(6,8)
(7,7)343723494(8,7)
(7,7)657365619(7,8)
(8,7)1014496417(9,7)
(8,7)625406490(8,8)
(9,7)181015331(10,7)
(9,7)503722673(9,8)
(10,7)782688372(11,7)
(10,7)2088320094(10,8)
(11,7)217650004(12,7)
(11,7)1157055181(11,8)
(12,7)1380853433(13,7)
(12,7)1655461482(12,8)
(13,7)938486667(14,7)
(13,7)642900101(13,8)
(14,7)588955430(15,7)
(14,7)1619347774(14,8)
(15,7)1006289843(16,7)
(15,7)928159910(15,8)
(16,7)1784662310(17,7)
(16,7)665806720(16,8)
(17,7)1447314646(18,7)
(17,7)1918099025(17,8)
(18,7)487617923(19,7)
(18,7)405885977(18,8)
(19,7)1141856092(20,7)
(19,7)852730842(19,8)
(20,7)1649554818(21,7)
(20,7)1302991551(20,8)
(21,7)1001753087(22,7)
(21,7)773614839(21,8)
(22,7)1430980458(23,7)
(22,7)513634823(22,8)
(23,7)1139041313(24,7)
(23,7)1345476581(23,8)
(24,7)1849199255(25,7)
(24,7)297993227(24,8)
(25,7)238829673(26,7)
(25,7)1320056645(25,8)
(26,7)329628178(27,7)
(26,7)484403979(26,8)
(27,7)2139865461(28,7)
(27,7)456479677(27,8)
(28,7)1099379779(29,7)
(28,7)1710481611(28,8)
(29,7)1182345737(30,7)
(29,7)930868481(29,8)
(30,7)1859028391(31,7)
(30,7)1688335209(30,8)
(31,7)206658281(32,7)
(31,7)41151933(31,8)
(32,7)1959250958(33,7)
(32,7)1496207053(32,8)
(33,7)1902093030(34,7)
(33,7)1653972928(33,8)
(34,7)359220122(35,7)
(34,7)299385233(34,8)
(35,7)1602376785(36,7)
(35,7)896465474(35,8)
(36,7)1670080313(37,7)
(36,7)2008774940(36,8)
(37,7)374926115(38,7)
(37,7)456646224(37,8)
(38,7)1802122805(39,7)
(38,7)953577123(38,8)
(39,7)1251570350(40,7)
(39,7)1513967429(39,8)
(40,7)686540426(41,7)
(40,7)1503838412(40,8)
(41,7)1988242391(42,7)
(41,7)1490400023(41,8)
(42,7)1946879701(43,7)
(42,7)1016168604(42,8)
(43,7)579166567(44,7)
(43,7)1980624205(43,8)
(44,7)764009038(45,7)
(44,7)898775832(44,8)
(45,7)439627393(46,7)
(45,7)1761512304(45,8)
(46,7)1802664237(47,7)
(46,7)475553781(46,8)
(47,7)1971760834(48,7)
(47,7)646285674(47,8)
(48,7)152774954(49,7)
(48,7)1614431547(48,8)
(49,7)1726370216(49,8)
(0,8)511995077(1,8)
(0,8)1913816781(0,9)
(1,8)1368709918(2,8)
(1,8)475352043(1,9)
(2,8)2145432356(3,8)
(2,8)373286369(2,9)
(3,8)748212485(4,8)
(3,8)1825356142(3,9)
(4,8)1479995299(5,8)
(4,8)951525832(4,9)
(5,8)55612534(6,8)
(5,8)114696266(5,9)
(6,8)801236692(7,8)
(6,8)836350064(6,9)
(7,8)677108807(8,8)
(7,8)1546012558(7,9)
(8,8)1345408611(9,8)
(8,8)1817405296(8,9)
(9,8)249088215(10,8)
(9,8)510249364(9,9)
(10,8)1274258402(11,8)
(10,8)96700795(10,9)
(11,8)536328188(12,8)
(11,8)2010600519(11,9)
(12,8)1665781109(13,8)
(12,8)1749812183(12,9)
(13,8)1574089369(14,8)
(13,8)1182613862(13,9)
(14,8)1335388817(15,8)
(14,8)1132729008(14,9)
(15,8)899062141(16,8)
(15,8)1152975938(15,9)
(16,8)1628327981(17,8)
(16,8)1847383894(16,9)
(17,8)73186615(18,8)
(17,8)120288411(17,9)
(18,8)1945644553(19,8)
(18,8)1626276689(18,9)
(19,8)430318873(20,8)
(19,8)821399100(19,9)
(20,8)936095366(21,8)
(20,8)1278156205(20,9)
(21,8)2114506269(22,8)
(21,8)485931408(21,9)
(22,8)2031943966(23,8)
(22,8)1737332058(22,9)
(23,8)1407253706(24,8)
(23,8)644131428(23,9)
(24,8)1154380793(25,8)
(24,8)1229868929(24,9)
(25,8)1326569724(26,8)
(25,8)1656341921(25,9)
(26,8)1519458793(27,8)
(26,8)281155547(26,9)
(27,8)2030967731(28,8)
(27,8)1862897912(27,9)
(28,8)898028126(29,8)
(28,8)1037756254(28,9)
(29,8)23001614(30,8)
(29,8)1457573452(29,9)
(30,8)463065742(31,8)
(30,8)85933295(30,9)
(31,8)1933317189(32,8)
(31,8)922063756(31,9)
(32,8)1042352167(33,8)
(32,8)2091393723(32,9)
(33,8)1570186765(34,8)
(33,8)2006503805(33,9)
(34,8)680419257(35,8)
(34,8)840513073(34,9)
(35,8)2118669278(36,8)
(35,8)2000505638(35,9)
(36,8)338953398(37,8)
(36,8)1616514624(36,9)
(37,8)1206363034(38,8)
(37,8)2085691899(37,9)
(38,8)582339679(39,8)
(38,8)223413716(38,9)
(39,8)1453282645(40,8)
(39,8)466133093(39,9)
(40,8)2122475014(41,8)
(40,8)1736720472(40,9)
(41,8)2017876020(42,8)
(41,8)632368721(41,9)
(42,8)347782985(43,8)
(42,8)1494450159(42,9)
(43,8)384722765(44,8)
(43,8)1901360103(43,9)
(44,8)1211449907(45,8)
(44,8)1245811112(44,9)
(45,8)1331744407(46,8)
(45,8)407724380(45,9)
(46,8)1329788136(47,8)
(46,8)1674515650(46,9)
(47,8)1618425725(48,8)
(47,8)1117577949(47,9)
(48,8)976598106(49,8)
(48,8)224656655(48,9)
(49,8)1041128842(49,9)
(0,9)1657017363(1,9)
(0,9)1065169728(0,10)
(1,9)1036355358(2,9)
(1,9)894150833(1,10)
(2,9)1233104231(3,9)
(2,9)1126048339(2,10)
(3,9)184927726(4,9)
(3,9)974563609(3,10)
(4,9)1556903289(5,9)
(4,9)1456517948(4,10)
(5,9)762316945(6,9)
(5,9)651060819(5,10)
(6,9)626052185(7,9)
(6,9)1146140113(6,10)
(7,9)1016532485(8,9)
(7,9)1394685667(7,10)
(8,9)1742468652(9,9)
(8,9)2120502345(8,10)
(9,9)357741462(10,9)
(9,9)770408940(9,10)
(10,9)1981858848(11,9)
(10,9)840796116(10,10)
(11,9)25056876(12,9)
(11,9)765465842(11,10)
(12,9)2095253978(13,9)
(12,9)1508890850(12,10)
(13,9)979832927(14,9)
(13,9)1142634825(13,10)
(14,9)2119232931(15,9)
(14,9)172426986(14,10)
(15,9)1237596714(16,9)
(15,9)2020961770(15,10)
(16,9)767628955(17,9)
(16,9)1628766646(16,10)
(17,9)607331338(18,9)
(17,9)126468425(17,10)
(18,9)1101032034(19,9)
(18,9)2000733186(18,10)
(19,9)1309767486(20,9)
(19,9)792259064(19,10)
(20,9)1443319883(21,9)
(20,9)510451675(20,10)
(21,9)1656591789(22,9)
(21,9)2072084432(21,10)
(22,9)1319286451(23,9)
(22,9)2069372068(22,10)
(23,9)2042390765(24,9)
(23,9)525640626(23,10)
(24,9)1296049567(25,9)
(24,9)914271455(24,10)
(25,9)1755067572(26,9)
(25,9)252648580(25,10)
(26,9)1018114422(27,9)
(26,9)1130424767(26,10)
(27,9)491831969(28,9)
(27,9)1780124448(27,10)
(28,9)775275625(29,9)
(28,9)965884753(28,10)
(29,9)1138311739(30,9)
(29,9)1471664896(29,10)
(30,9)1345143018(31,9)
(30,9)747024908(30,10)
(31,9)228307906(32,9)
(31,9)228424805(31,10)
(32,9)354893230(33,9)
(32,9)2112771973(32,10)
(33,9)1966021512(34,9)
(33,9)835639244(33,10)
(34,9)1627898308(35,9)
(34,9)1455925265(34,10)
(35,9)1966376940(36,9)
(35,9)1128305350(35,10)
(36,9)1052906134(37,9)
(36,9)923734543(36,10)
(37,9)845622964(38,9)
(37,9)1475485081(37,10)
(38,9)2001125708(39,9)
(38,9)224708937(38,10)
(39,9)1138980393(40,9)
(39,9)740530081(39,10)
(40,9)993178661(41,9)
(40,9)1149691627(40,10)
(41,9)132632746(42,9)
(41,9)746564317(41,10)
(42,9)379205117(43,9)
(42,9)2011293084(42,10)
(43,9)829694189(44,9)
(43,9)624464715(43,10)
(44,9)2096129611(45,9)
(44,9)1154480742(44,10)
(45,9)1901505650(46,9)
(45,9)1968005928(45,10)
(46,9)48947085(47,9)
(46,9)1293788982(46,10)
(47,9)1259077307(48,9)
(47,9)2129813556(47,10)
(48,9)817969153(49,9)
(48,9)403840316(48,10)
(49,9)1077615171(49,10)
(0,10)298383813(1,10)
(0,10)1859765581(0,11)
(1,10)1678658873(2,10)
(1,10)58436874(1,11)
(2,10)1111343008(3,10)
(2,10)1222118357(2,11)
(3,10)2067741321(4,10)
(3,10)1006660307(3,11)
(4,10)860302367(5,10)
(4,10)1336051946(4,11)
(5,10)327548691(6,10)
(5,10)660787754(5,11)
(6,10)1653966416(7,10)
(6,10)2009993994(6,11)
(7,10)2142626740(8,10)
(7,10)1074113008(7,11)
(8,10)1453318125(9,10)
(8,10)1517775852(8,11)
(9,10)199986393(10,10)
(9,10)619607807(9,11)
(10,10)568253770(11,10)
(10,10)460315219(10,11)
(11,10)214337221(12,10)
(11,10)20508673(11,11)
(12,10)69455758(13,10)
(12,10)1862042752(12,11)
(13,10)973636412(14,10)
(13,10)196667129(13,11)
(14,10)1014636282(15,10)
(14,10)473296074(14,11)
(15,10)185578007(16,10)
(15,10)2051251583(15,11)
(16,10)2109688457(17,10)
(16,10)1313020096(16,11)
(17,10)387654805(18,10)
(17,10)1864236881(17,11)
(18,10)723413540(19,10)
(18,10)1073547818(18,11)
(19,10)262116116(20,10)
(19,10)307912478(19,11)
(20,10)968700232(21,10)
(20,10)1583715907(20,11)
(21,10)1446226253(22,10)
(21,10)589664807(21,11)
(22,10)1663777815(23,10)
(22,10)475183000(22,11)
(23,10)1992958852(24,10)
(23,10)1441369345(23,11)
(24,10)2060977152(25,10)
(24,10)969612292(24,11)
(25,10)1429927511(26,10)
(25,10)45461597(25,11)
(26,10)65970270(27,10)
(26,10)481747274(26,11)
(27,10)196306379(28,10)
(27,10)1644264732(27,11)
(28,10)1840931861(29,10)
(28,10)135426029(28,11)
(29,10)608722103(30,10)
(29,10)1169942791(29,11)
(30,10)1073710726(31,10)
(30,10)708084496(30,11)
(31,10)2021104592(32,10)
(31,10)794300111(31,11)
(32,10)511053344(33,10)
(32,10)1035915536(32,11)
(33,10)2109463354(34,10)
(33,10)261275749(33,11)
(34,10)569188227(35,10)
(34,10)1234466884(34,11)
(35,10)670699143(36,10)
(35,10)224095822(35,11)
(36,10)813760629(37,10)
(36,10)1537888459(36,11)
(37,10)2013071460(38,10)
(37,10)2116925396(37,11)
(38,10)1410811093(39,10)
(38,10)330054796(38,11)
(39,10)1299667088(40,10)
(39,10)1858546664(39,11)
(40,10)1904008262(41,10)
(40,10)1324304597(40,11)
(41,10)1806051871(42,10)
(41,10)582110951(41,11)
(42,10)78892035(43,10)
(42,10)1969978532(42,11)
(43,10)2105404561(44,10)
(43,10)2002358250(43,11)
(44,10)1024817393(45,10)
(44,10)1919823896(44,11)
(45,10)480424744(46,10)
(45,10)566643017(45,11)
(46,10)1360943128(47,10)
(46,10)2098528120(46,11)
(47,10)986960008(48,10)
(47,10)354045688(47,11)
(48,10)615321437(49,10)
(48,10)1871996472(48,11)
(49,10)948939714(49,11)
(0,11)1184509664(1,11)
(0,11)958979708(0,12)
(1,11)1629678851(2,11)
(1,11)1173035536(1,12)
(2,11)1986796165(3,11)
(2,11)574914476(2,12)
(3,11)440502288(4,11)
(3,11)1599120599(3,12)
(4,11)862448044(5,11)
(4,11)169367313(4,12)
(5,11)1469034401(6,11)
(5,11)151565304(5,12)
(6,11)2055573566(7,11)
(6,11)39268993(6,12)
(7,11)1845320864(8,11)
(7,11)2051145352(7,12)
(8,11)2130037387(9,11)
(8,11)1878068451(8,12)
(9,11)1835989364(10,11)
(9,11)1700195467(9,12)
(10,11)577529212(11,11)
(10,11)1902377635(10,12)
(11,11)235318732(12,11)
(11,11)255148733(11,12)
(12,11)1616091861(13,11)
(12,11)528573684(12,12)
(13,11)1515533692(14,11)
(13,11)589364420(13,12)
(14,11)1204685858(15,11)
(14,11)1340604685(14,12)
(15,11)152100745(16,11)
(15,11)316989758(15,12)
(16,11)1490025294(17,11)
(16,11)241711874(16,12)
(17,11)816626350(18,11)
(17,11)1781779596(17,12)
(18,11)1233416547(19,11)
(18,11)1329337811(18,12)
(19,11)1498705124(20,11)
(19,11)1257128638(19,12)
(20,11)1408693943(21,11)
(20,11)2095864591(20,12)
(21,11)2135133584(22,11)
(21,11)820255877(21,12)
(22,11)723917581(23,11)
(22,11)1316783861(22,12)
(23,11)1047368664(24,11)
(23,11)1832970801(23,12)
(24,11)1385682620(25,11)
(24,11)706471320(24,12)
(25,11)461365308(26,11)
(25,11)735874381(25,12)
(26,11)991023114(27,11)
(26,11)1963211832(26,12)
(27,11)344301869(28,11)
(27,11)696684040(27,12)
(28,11)1286048460(29,11)
(28,11)459631328(28,12)
(29,11)1800236013(30,11)
(29,11)1859835561(29,12)
(30,11)29341672(31,11)
(30,11)343250670(30,12)
(31,11)584962545(32,11)
(31,11)1952336759(31,12)
(32,11)1586632707(33,11)
(32,11)1519366966(32,12)
(33,11)701221130(34,11)
(33,11)1401588895(33,12)
(34,11)511233886(35,11)
(34,11)672565607(34,12)
(35,11)620946550(36,11)
(35,11)52442606(35,12)
(36,11)872698484(37,11)
(36,11)1919927829(36,12)
(37,11)1089228042(38,11)
(37,11)608596487(37,12)
(38,11)294083640(39,11)
(38,11)1596616065(38,12)
(39,11)155603738(40,11)
(39,11)2136596707(39,12)
(40,11)724987440(41,11)
(40,11)1679766260(40,12)
(41,11)1495494444(42,11)
(41,11)616969046(41,12)
(42,11)1313653086(43,11)
(42,11)1716010554(42,12)
(43,11)28158234(44,11)
(43,11)1839796313(43,12)
(44,11)1552148227(45,11)
(44,11)452217898(44,12)
(45,11)795468569(46,11)
(45,11)1828394248(45,12)
(46,11)1633247359(47,11)
(46,11)1581489899(46,12)
(47,11)953373217(48,11)
(47,11)1380431114(47,12)
(48,11)634536361(49,11)
(48,11)1072396418(48,12)
(49,11)1654594347(49,12)
(0,12)1145770247(1,12)
(0,12)1744962025(0,13)
(1,12)218424928(2,12)
(1,12)1707036954(1,13)
(2,12)432251790(3,12)
(2,12)918214428(2,13)
(3,12)2007442471(4,12)
(3,12)827021415(3,13)
(4,12)1121105055(5,12)
(4,12)2028867855(4,13)
(5,12)36987945(6,12)
(5,12)1996555530(5,13)
(6,12)574059322(7,12)
(6,12)653387667(6,13)
(7,12)1398463(8,12)
(7,12)653956991(7,13)
(8,12)1967610077(9,12)
(8,12)142586228(8,13)
(9,12)170744463(10,12)
(9,12)1841194777(9,13)
(10,12)1245859356(11,12)
(10,12)272344328(10,13)
(11,12)1067812897(12,12)
(11,12)1999138711(11,13)
(12,12)1484902422(13,12)
(12,12)679865607(12,13)
(13,12)1633238824(14,12)
(13,12)300760363(13,13)
(14,12)935296724(15,12)
(14,12)409815192(14,13)
(15,12)7293570(16,12)
(15,12)1140349524(15,13)
(16,12)699902830(17,12)
(16,12)2081066972(16,13)
(17,12)851797752(18,12)
(17,12)225718498(17,13)
(18,12)1052739913(19,12)
(18,12)1132154620(18,13)
(19,12)1013538827(20,12)
(19,12)711756575(19,13)
(20,12)560828457(21,12)
(20,12)26361320(20,13)
(21,12)679748987(22,12)
(21,12)1050526773(21,13)
(22,12)1704483764(23,12)
(22,12)1134887779(22,13)
(23,12)1277474008(24,12)
(23,12)681147450(23,13)
(24,12)374858579(25,12)
(24,12)1524610194(24,13)
(25,12)1796954522(26,12)
(25,12)1448218471(25,13)
(26,12)1299873534(27,12)
(26,12)1620717935(26,13)
(27,12)153099894(28,12)
(27,12)717283771(27,13)
(28,12)1018044134(29,12)
(28,12)637292308(28,13)
(29,12)1047107500(30,12)
(29,12)1786338719(29,13)
(30,12)779204595(31,12)
(30,12)1953340858(30,13)
(31,12)1886924182(32,12)
(31,12)1054401070(31,13)
(32,12)1280119568(33,12)
(32,12)1479107425(32,13)
(33,12)463778397(34,12)
(33,12)591238287(33,13)
(34,12)1302994862(35,12)
(34,12)185375833(34,13)
(35,12)211737153(36,12)
(35,12)1477317224(35,13)
(36,12)380360349(37,12)
(36,12)1863823320(36,13)
(37,12)851227451(38,12)
(37,12)891486140(37,13)
(38,12)1572633591(39,12)
(38,12)2084844114(38,13)
(39,12)1461970660(40,12)
(39,12)2128701459(39,13)
(40,12)1429436282(41,12)
(40,12)1947492170(40,13)
(41,12)1420726458(42,12)
(41,12)1111441534(41,13)
(42,12)1828725305(43,12)
(42,12)581826168(42,13)
(43,12)1219118476(44,12)
(43,12)1573826352(43,13)
(44,12)1212681423(45,12)
(44,12)699285791(44,13)
(45,12)505143001(46,12)
(45,12)118742329(45,13)
(46,12)1173143399(47,12)
(46,12)1991886018(46,13)
(47,12)1323509795(48,12)
(47,12)244583536(47,13)
(48,12)835821823(49,12)
(48,12)305779320(48,13)
(49,12)1787288192(49,13)
(0,13)2138816685(1,13)
(0,13)491155153(0,14)
(1,13)702892307(2,13)
(1,13)1117121769(1,14)
(2,13)1497482118(3,13)
(2,13)1855156357(2,14)
(3,13)558900161(4,13)
(3,13)1594378447(3,14)
(4,13)1019528390(5,13)
(4,13)1434842584(4,14)
(5,13)749329596(6,13)
(5,13)540117972(5,14)
(6,13)1969554255(7,13)
(6,13)819536913(6,14)
(7,13)92779723(8,13)
(7,13)1860771130(7,14)
(8,13)1542012787(9,13)
(8,13)403896775(8,14)
(9,13)1623015252(10,13)
(9,13)1666606075(9,14)
(10,13)731803851(11,13)
(10,13)93814930(10,14)
(11,13)598957932(12,13)
(11,13)1741757581(11,14)
(12,13)767417332(13,13)
(12,13)576206221(12,14)
(13,13)1899716017(14,13)
(13,13)843541468(13,14)
(14,13)1679363291(15,13)
(14,13)1073196652(14,14)
(15,13)1564351806(16,13)
(15,13)1539520561(15,14)
(16,13)509158682(17,13)
(16,13)1670696328(16,14)
(17,13)1378369038(18,13)
(17,13)119760465(17,14)
(18,13)1714138912(19,13)
(18,13)2006640801(18,14)
(19,13)1293999737(20,13)
(19,13)1937269199(19,14)
(20,13)329903523(21,13)
(20,13)586183655(20,14)
(21,13)1405720568(22,13)
(21,13)2043329334(21,14)
(22,13)1756616816(23,13)
(22,13)151974130(22,14)
(23,13)555870906(24,13)
(23,13)1498500291(23,14)
(24,13)1017622718(25,13)
(24,13)1151145956(24,14)
(25,13)1244960886(26,13)
(25,13)31402510(25,14)
(26,13)1773160091(27,13)
(26,13)1749426569(26,14)
(27,13)178149143(28,13)
(27,13)1843918818(27,14)
(28,13)539976638(29,13)
(28,13)393093775(28,14)
(29,13)1466290428(30,13)
(29,13)2077865160(29,14)
(30,13)1469902073(31,13)
(30,13)71856281(30,14)
(31,13)1742552610(32,13)
(31,13)883158586(31,14)
(32,13)1002919051(33,13)
(32,13)1979060756(32,14)
(33,13)1838217909(34,13)
(33,13)973438000(33,14)
(34,13)763223551(35,13)
(34,13)569574315(34,14)
(35,13)1155757970(36,13)
(35,13)984733998(35,14)
(36,13)880579684(37,13)
(36,13)1093127074(36,14)
(37,13)1245101205(38,13)
(37,13)413994890(37,14)
(38,13)1912495181(39,13)
(38,13)489712853(38,14)
(39,13)1640858809(40,13)
(39,13)1800972111(39,14)
(40,13)1832374621(41,13)
(40,13)782634252(40,14)
(41,13)384577173(42,13)
(41,13)738336047(41,14)
(42,13)434771218(43,13)
(42,13)1458051064(42,14)
(43,13)1851144839(44,13)
(43,13)562726316(43,14)
(44,13)493107828(45,13)
(44,13)974747856(44,14)
(45,13)1046604138(46,13)
(45,13)1169951619(45,14)
(46,13)2053110205(47,13)
(46,13)1963009902(46,14)
(47,13)1794587010(48,13)
(47,13)641673100(47,14)
(48,13)1615111100(49,13)
(48,13)908545608(48,14)
(49,13)1485321271(49,14)
(0,14)230851003(1,14)
(0,14)1478119924(0,15)
(1,14)486394246(2,14)
(1,14)322571621(1,15)
(2,14)1203151306(3,14)
(2,14)1323978077(2,15)
(3,14)421595634(4,14)
(3,14)900389137(3,15)
(4,14)665400670(5,14)
(4,14)1692864159(4,15)
(5,14)1186239320(6,14)
(5,14)75084097(5,15)
(6,14)1907458718(7,14)
(6,14)1448034922(6,15)
(7,14)1832612096(8,14)
(7,14)1924575367(7,15)
(8,14)211862937(9,14)
(8,14)1218026134(8,15)
(9,14)921687326(10,14)
(9,14)247854764(9,15)
(10,14)740962593(11,14)
(10,14)1186610794(10,15)
(11,14)85731284(12,14)
(11,14)2091638945(11,15)
(12,14)1997265503(13,14)
(12,14)556488847(12,15)
(13,14)203592209(14,14)
(13,14)727404384(13,15)
(14,14)195031836(15,14)
(14,14)758327463(14,15)
(15,14)88963739(16,14)
(15,14)1688913480(15,15)
(16,14)2011485101(17,14)
(16,14)425882839(16,15)
(17,14)1749860916(18,14)
(17,14)575357986(17,15)
(18,14)1475747123(19,14)
(18,14)1067152759(18,15)
(19,14)612533270(20,14)
(19,14)23972903(19,15)
(20,14)99057000(21,14)
(20,14)2141147793(20,15)
(21,14)1441699068(22,14)
(21,14)1798772590(21,15)
(22,14)1575864310(23,14)
(22,14)2006515719(22,15)
(23,14)1077058205(24,14)
(23,14)1126827516(23,15)
(24,14)1374682280(25,14)
(24,14)1787727247(24,15)
(25,14)826854393(26,14)
(25,14)1998745531(25,15)
(26,14)1942900829(27,14)
(26,14)2115644873(26,15)
(27,14)524650072(28,14)
(27,14)912585677(27,15)
(28,14)1639990061(29,14)
(28,14)1792682684(28,15)
(29,14)403526499(30,14)
(29,14)728242281(29,15)
(30,14)269672113(31,14)
(30,14)1835021897(30,15)
(31,14)113421088(32,14)
(31,14)492490239(31,15)
(32,14)1067848225(33,14)
(32,14)133673567(32,15)
(33,14)1200826326(34,14)
(33,14)1863282005(33,15)
(34,14)1887254908(35,14)
(34,14)396111700(34,15)
(35,14)389775845(36,14)
(35,14)1813359597(35,15)
(36,14)1464648539(37,14)
(36,14)1986311908(36,15)
(37,14)1845343979(38,14)
(37,14)1831474913(37,15)
(38,14)810818781(39,14)
(38,14)893029201(38,15)
(39,14)533272801(40,14)
(39,14)774918537(39,15)
(40,14)626180420(41,14)
(40,14)38017414(40,15)
(41,14)6178639(42,14)
(41,14)1360127194(41,15)
(42,14)125229224(43,14)
(42,14)421597601(42,15)
(43,14)66796637(44,14)
(43,14)530828712(43,15)
(44,14)1259070993(45,14)
(44,14)1765219285(44,15)
(45,14)1452757535(46,14)
(45,14)470323137(45,15)
(46,14)962813376(47,14)
(46,14)1528743107(46,15)
(47,14)1662416674(48,14)
(47,14)1566178623(47,15)
(48,14)1281976980(49,14)
(48,14)2030661601(48,15)
(49,14)715759352(49,15)
(0,15)1021748240(1,15)
(0,15)279289653(0,16)
(1,15)669065498(2,15)
(1,15)381635301(1,16)
(2,15)1846283841(3,15)
(2,15)860576501(2,16)
(3,15)558436832(4,15)
(3,15)353056764(3,16)
(4,15)1163875545(5,15)
(4,15)591829394(4,16)
(5,15)1125102195(6,15)
(5,15)1333355369(5,16)
(6,15)1959535790(7,15)
(6,15)1201892959(6,16)
(7,15)1208071599(8,15)
(7,15)337745742(7,16)
(8,15)462974966(9,15)
(8,15)233649743(8,16)
(9,15)300446381(10,15)
(9,15)1738900311(9,16)
(10,15)850487656(11,15)
(10,15)80710603(10,16)
(11,15)1533468138(12,15)
(11,15)770769518(11,16)
(12,15)1733582894(13,15)
(12,15)231747115(12,16)
(13,15)1894163789(14,15)
(13,15)952163114(13,16)
(14,15)86656446(15,15)
(14,15)1616760847(14,16)
(15,15)1896050500(16,15)
(15,15)462439494(15,16)
(16,15)844074795(17,15)
(16,15)1108404687(16,16)
(17,15)1968981188(18,15)
(17,15)417632350(17,16)
(18,15)770689114(19,15)
(18,15)542874988(18,16)
(19,15)1134704383(20,15)
(19,15)379934372(19,16)
(20,15)1713289742(21,15)
(20,15)1934564660(20,16)
(21,15)988973971(22,15)
(21,15)112322930(21,16)
(22,15)450068672(23,15)
(22,15)1525341884(22,16)
(23,15)1758991627(24,15)
(23,15)49561922(23,16)
(24,15)1788462233(25,15)
(24,15)913043638(24,16)
(25,15)993754242(26,15)
(25,15)2059438008(25,16)
(26,15)682723878(27,15)
(26,15)491466242(26,16)
(27,15)723213357(28,15)
(27,15)379738732(27,16)
(28,15)1331901846(29,15)
(28,15)268823124(28,16)
(29,15)1885583971(30,15)
(29,15)469893499(29,16)
(30,15)932332993(31,15)
(30,15)1418558293(30,16)
(31,15)379479332(32,15)
(31,15)1634150823(31,16)
(32,15)2051783174(33,15)
(32,15)1776407788(32,16)
(33,15)171799129(34,15)
(33,15)200976872(33,16)
(34,15)580911244(35,15)
(34,15)674988640(34,16)
(35,15)462069652(36,15)
(35,15)1306503512(35,16)
(36,15)1418826442(37,15)
(36,15)146717338(36,16)
(37,15)1672059222(38,15)
(37,15)1451043624(37,16)
(38,15)1500605546(39,15)
(38,15)1868895115(38,16)
(39,15)634455105(40,15)
(39,15)1283567202(39,16)
(40,15)1195521562(41,15)
(40,15)1141584132(40,16)
(41,15)1633050374(42,15)
(41,15)1628209347(41,16)
(42,15)2007948080(43,15)
(42,15)1878245441(42,16)
(43,15)2147068565(44,15)
(43,15)208780083(43,16)
(44,15)678673582(45,15)
(44,15)1192366278(44,16)
(45,15)463440923(46,15)
(45,15)1885168889(45,16)
(46,15)1371836064(47,15)
(46,15)1611006575(46,16)
(47,15)1239930716(48,15)
(47,15)842920255(47,16)
(48,15)1043897127(49,15)
(48,15)1276135590(48,16)
(49,15)1411729845(49,16)
(0,16)1624808372(1,16)
(0,16)1951124231(0,17)
(1,16)265710235(2,16)
(1,16)570749709(1,17)
(2,16)1989576151(3,16)
(2,16)1771525710(2,17)
(3,16)1296101285(4,16)
(3,16)1716753859(3,17)
(4,16)1069875758(5,16)
(4,16)1710987618(4,17)
(5,16)197959076(6,16)
(5,16)432184839(5,17)
(6,16)1627706401(7,16)
(6,16)63976242(6,17)
(7,16)1697026616(8,16)
(7,16)1826168423(7,17)
(8,16)1686632855(9,16)
(8,16)1358468194(8,17)
(9,16)1358053112(10,16)
(9,16)1905806699(9,17)
(10,16)436996634(11,16)
(10,16)731515486(10,17)
(11,16)1194956409(12,16)
(11,16)1095738353(11,17)
(12,16)320090769(13,16)
(12,16)2048003209(12,17)
(13,16)1140450277(14,16)
(13,16)2037876665(13,17)
(14,16)934290144(15,16)
(14,16)1596226360(14,17)
(15,16)1399866943(16,16)
(15,16)404696474(15,17)
(16,16)975446183(17,16)
(16,16)411614868(16,17)
(17,16)35656931(18,16)
(17,16)1665577178(17,17)
(18,16)1234847390(19,16)
(18,16)817538687(18,17)
(19,16)381042657(20,16)
(19,16)1331758216(19,17)
(20,16)1763943055(21,16)
(20,16)157239500(20,17)
(21,16)221215742(22,16)
(21,16)579001733(21,17)
(22,16)257686509(23,16)
(22,16)1244165808(22,17)
(23,16)455150355(24,16)
(23,16)1918242358(23,17)
(24,16)1676565409(25,16)
(24,16)1944319364(24,17)
(25,16)528351202(26,16)
(25,16)1813203467(25,17)
(26,16)761458172(27,16)
(26,16)2113562043(26,17)
(27,16)2014081605(28,16)
(27,16)1723307612(27,17)
(28,16)1613700629(29,16)
(28,16)1081548941(28,17)
(29,16)530291653(30,16)
(29,16)1007048234(29,17)
(30,16)1411744709(31,16)
(30,16)400507125(30,17)
(31,16)812121994(32,16)
(31,16)1930158596(31,17)
(32,16)1448252127(33,16)
(32,16)239707244(32,17)
(33,16)1057245931(34,16)
(33,16)847778925(33,17)
(34,16)32053493(35,16)
(34,16)535615869(34,17)
(35,16)692855369(36,16)
(35,16)1438288589(35,17)
(36,16)2017290322(37,16)
(36,16)1795996548(36,17)
(37,16)892678708(38,16)
(37,16)914071111(37,17)
(38,16)684829821(39,16)
(38,16)127493183(38,17)
(39,16)2071812548(40,16)
(39,16)1347829063(39,17)
(40,16)1013548882(41,16)
(40,16)213911582(40,17)
(41,16)179989978(42,16)
(41,16)452680102(41,17)
(42,16)28504066(43,16)
(42,16)1775007054(42,17)
(43,16)709072348(44,16)
(43,16)46587935(43,17)
(44,16)1053636169(45,16)
(44,16)1642204695(44,17)
(45,16)2042711821(46,16)
(45,16)1239364001(45,17)
(46,16)1022038950(47,16)
(46,16)317897230(46,17)
(47,16)557604475(48,16)
(47,16)707350167(47,17)
(48,16)1555129092(49,16)
(48,16)322807429(48,17)
(49,16)1614850406(49,17)
(0,17)1587182585(1,17)
(0,17)858423298(0,18)
(1,17)1551278667(2,17)
(1,17)905655347(1,18)
(2,17)775462022(3,17)
(2,17)1235695485(2,18)
(3,17)2128374193(4,17)
(3,17)317866130(3,18)
(4,17)1002695951(5,17)
(4,17)902955205(4,18)
(5,17)827284105(6,17)
(5,17)1328719609(5,18)
(6,17)194784843(7,17)
(6,17)1216607533(6,18)
(7,17)1396597511(8,17)
(7,17)1279964208(7,18)
(8,17)1308468274(9,17)
(8,17)1969791898(8,18)
(9,17)531380598(10,17)
(9,17)1443185446(9,18)
(10,17)349337968(11,17)
(10,17)803189322(10,18)
(11,17)698417495(12,17)
(11,17)1770744599(11,18)
(12,17)645299901(13,17)
(12,17)667235198(12,18)
(13,17)1224839673(14,17)
(13,17)1405767662(13,18)
(14,17)813413106(15,17)
(14,17)968107330(14,18)
(15,17)1826530628(16,17)
(15,17)692206432(15,18)
(16,17)1597861779(17,17)
(16,17)253112043(16,18)
(17,17)1488807528(18,17)
(17,17)1230325647(17,18)
(18,17)1548191777(19,17)
(18,17)225840153(18,18)
(19,17)1128795359(20,17)
(19,17)1469698073(19,18)
(20,17)650934034(21,17)
(20,17)403404080(20,18)
(21,17)1620011614(22,17)
(21,17)1956079464(21,18)
(22,17)1088560024(23,17)
(22,17)845718878(22,18)
(23,17)668027128(24,17)
(23,17)869125477(23,18)
(24,17)164827276(25,17)
(24,17)249544651(24,18)
(25,17)1052733973(26,17)
(25,17)1199407726(25,18)
(26,17)822668677(27,17)
(26,17)514165244(26,18)
(27,17)1181400442(28,17)
(27,17)1751151468(27,18)
(28,17)1009435482(29,17)
(28,17)1467968579(28,18)
(29,17)288592261(30,17)
(29,17)258756468(29,18)
(30,17)950962900(31,17)
(30,17)1822848588(30,18)
(31,17)2075960631(32,17)
(31,17)2115122890(31,18)
(32,17)1197964889(33,17)
(32,17)401341031(32,18)
(33,17)627181185(34,17)
(33,17)1417284511(33,18)
(34,17)739498936(35,17)
(34,17)598673019(34,18)
(35,17)1002077099(36,17)
(35,17)1755976544(35,18)
(36,17)1564572360(37,17)
(36,17)1390432971(36,18)
(37,17)88668201(38,17)
(37,17)474605065(37,18)
(38,17)1343730543(39,17)
(38,17)505648737(38,18)
(39,17)755193388(40,17)
(39,17)756695329(39,18)
(40,17)1956103055(41,17)
(40,17)1508557819(40,18)
(41,17)2022723063(42,17)
(41,17)1807927361(41,18)
(42,17)1411595181(43,17)
(42,17)631288084(42,18)
(43,17)2099256663(44,17)
(43,17)1056639857(43,18)
(44,17)1315396325(45,17)
(44,17)273547015(44,18)
(45,17)2096395603(46,17)
(45,17)240365277(45,18)
(46,17)208004519(47,17)
(46,17)118875577(46,18)
(47,17)520216609(48,17)
(47,17)2024872586(47,18)
(48,17)1294673449(49,17)
(48,17)1405969408(48,18)
(49,17)1147397794(49,18)
(0,18)2034172385(1,18)
(0,18)2004642427(0,19)
(1,18)859235879(2,18)
(1,18)755890690(1,19)
(2,18)172979402(3,18)
(2,18)1277121708(2,19)
(3,18)1365789909(4,18)
(3,18)1333840944(3,19)
(4,18)530087839(5,18)
(4,18)678628139(4,19)
(5,18)1433821527(6,18)
(5,18)2122485238(5,19)
(6,18)1931104645(7,18)
(6,18)2038645658(6,19)
(7,18)1913885073(8,18)
(7,18)1094265240(7,19)
(8,18)358376773(9,18)
(8,18)414909082(8,19)
(9,18)366682097(10,18)
(9,18)823041283(9,19)
(10,18)2138437608(11,18)
(10,18)631923788(10,19)
(11,18)580835743(12,18)
(11,18)607047374(11,19)
(12,18)815051893(13,18)
(12,18)109829538(12,19)
(13,18)630046147(14,18)
(13,18)458224681(13,19)
(14,18)1752898130(15,18)
(14,18)73537654(14,19)
(15,18)2078180081(16,18)
(15,18)1777443941(15,19)
(16,18)385850983(17,18)
(16,18)1639586868(16,19)
(17,18)769224928(18,18)
(17,18)789932312(17,19)
(18,18)2123773257(19,18)
(18,18)558830385(18,19)
(19,18)1237458525(20,18)
(19,18)2135014838(19,19)
(20,18)2110016428(21,18)
(20,18)506377448(20,19)
(21,18)397539459(22,18)
(21,18)523796404(21,19)
(22,18)1618061645(23,18)
(22,18)1893637426(22,19)
(23,18)161062860(24,18)
(23,18)163940884(23,19)
(24,18)986982167(25,18)
(24,18)1976438418(24,19)
(25,18)460878559(26,18)
(25,18)527744957(25,19)
(26,18)1134792332(27,18)
(26,18)977936128(26,19)
(27,18)1087765666(28,18)
(27,18)1041714302(27,19)
(28,18)1499938984(29,18)
(28,18)1949844225(28,19)
(29,18)2023381879(30,18)
(29,18)1717811813(29,19)
(30,18)1347772106(31,18)
(30,18)1105353466(30,19)
(31,18)597456686(32,18)
(31,18)1954078313(31,19)
(32,18)596526977(33,18)
(32,18)1733623089(32,19)
(33,18)144969826(34,18)
(33,18)1366681615(33,19)
(34,18)1354212805(35,18)
(34,18)572816586(34,19)
(35,18)1079194035(36,18)
(35,18)1382428351(35,19)
(36,18)1906224756(37,18)
(36,18)1316745585(36,19)
(37,18)1062899363(38,18)
(37,18)1476733494(37,19)
(38,18)1640674378(39,18)
(38,18)1376802753(38,19)
(39,18)1205757523(40,18)
(39,18)1223962223(39,19)
(40,18)1751707181(41,18)
(40,18)480172898(40,19)
(41,18)1458109026(42,18)
(41,18)1666636082(41,19)
(42,18)560866737(43,18)
(42,18)739015865(42,19)
(43,18)541376442(44,18)
(43,18)398391044(43,19)
(44,18)2116202857(45,18)
(44,18)2060805721(44,19)
(45,18)1018675539(46,18)
(45,18)417274674(45,19)
(46,18)223869339(47,18)
(46,18)1316491315(46,19)
(47,18)902630756(48,18)
(47,18)1616132226(47,19)
(48,18)835330193(49,18)
(48,18)820396316(48,19)
(49,18)1047600582(49,19)
(0,19)42059350(1,19)
(0,19)1393212903(0,20)
(1,19)324923290(2,19)
(1,19)282545286(1,20)
(2,19)41286394(3,19)
(2,19)1358804935(2,20)
(3,19)274220651(4,19)
(3,19)1801656784(3,20)
(4,19)1294847514(5,19)
(4,19)1418089147(4,20)
(5,19)476363022(6,19)
(5,19)1498182874(5,20)
(6,19)1102406407(7,19)
(6,19)1775020412(6,20)
(7,19)1085645790(8,19)
(7,19)2142999105(7,20)
(8,19)556382194(9,19)
(8,19)1841422272(8,20)
(9,19)235315067(10,19)
(9,19)1484036834(9,20)
(10,19)1452756043(11,19)
(10,19)469704267(10,20)
(11,19)1488379806(12,19)
(11,19)652589741(11,20)
(12,19)876459080(13,19)
(12,19)621763710(12,20)
(13,19)1524394466(14,19)
(13,19)957028384(13,20)
(14,19)1792358577(15,19)
(14,19)1696855396(14,20)
(15,19)942584651(16,19)
(15,19)424511401(15,20)
(16,19)707056687(17,19)
(16,19)1834417927(16,20)
(17,19)1045739215(18,19)
(17,19)1267507941(17,20)
(18,19)921681077(19,19)
(18,19)748343081(18,20)
(19,19)18948580(20,19)
(19,19)1319959866(19,20)
(20,19)670659092(21,19)
(20,19)69044944(20,20)
(21,19)1844065356(22,19)
(21,19)495311602(21,20)
(22,19)490827059(23,19)
(22,19)1773065500(22,20)
(23,19)1467004124(24,19)
(23,19)782227499(23,20)
(24,19)118780685(25,19)
(24,19)1047209253(24,20)
(25,19)1516913520(26,19)
(25,19)1702319191(25,20)
(26,19)207425284(27,19)
(26,19)1571536729(26,20)
(27,19)45816791(28,19)
(27,19)857809679(27,20)
(28,19)1814838063(29,19)
(28,19)1083884364(28,20)
(29,19)633256113(30,19)
(29,19)1570211258(29,20)
(30,19)1994722659(31,19)
(30,19)1459712993(30,20)
(31,19)1146647272(32,19)
(31,19)1575840764(31,20)
(32,19)695865058(33,19)
(32,19)554295698(32,20)
(33,19)1302638779(34,19)
(33,19)44902839(33,20)
(34,19)1364862705(35,19)
(34,19)1617546135(34,20)
(35,19)1686591079(36,19)
(35,19)1321587359(35,20)
(36,19)1816898961(37,19)
(36,19)2035521798(36,20)
(37,19)1661103650(38,19)
(37,19)1383172788(37,20)
(38,19)17916639(39,19)
(38,19)160242373(38,20)
(39,19)1207451626(40,19)
(39,19)980624126(39,20)
(40,19)535459670(41,19)
(40,19)136697324(40,20)
(41,19)1708234053(42,19)
(41,19)576881499(41,20)
(42,19)1434691178(43,19)
(42,19)742884954(42,20)
(43,19)1826769319(44,19)
(43,19)1754050845(43,20)
(44,19)1176778455(45,19)
(44,19)1102045593(44,20)
(45,19)414274938(46,19)
(45,19)312541784(45,20)
(46,19)1888382548(47,19)
(46,19)1024017466(46,20)
(47,19)1578313164(48,19)
(47,19)1560922211(47,20)
(48,19)1605825050(49,19)
(48,19)436763958(48,20)
(49,19)733468295(49,20)
(0,20)823204108(1,20)
(0,20)2054310094(0,21)
(1,20)1593417525(2,20)
(1,20)2055055654(1,21)
(2,20)1724470967(3,20)
(2,20)711242258(2,21)
(3,20)224862260(4,20)
(3,20)829106665(3,21)
(4,20)847023304(5,20)
(4,20)1884713340(4,21)
(5,20)944681319(6,20)
(5,20)1205486386(5,21)
(6,20)1740946056(7,20)
(6,20)983720629(6,21)
(7,20)544471034(8,20)
(7,20)1521562818(7,21)
(8,20)808770348(9,20)
(8,20)336347363(8,21)
(9,20)15633034(10,20)
(9,20)151038231(9,21)
(10,20)1327816686(11,20)
(10,20)1910815941(10,21)
(11,20)177607232(12,20)
(11,20)328174818(11,21)
(12,20)69073718(13,20)
(12,20)204350504(12,21)
(13,20)1782663668(14,20)
(13,20)1738529443(13,21)
(14,20)1196870845(15,20)
(14,20)505837677(14,21)
(15,20)412664123(16,20)
(15,20)368648315(15,21)
(16,20)276220321(17,20)
(16,20)2020074953(16,21)
(17,20)583833563(18,20)
(17,20)2006081648(17,21)
(18,20)687704666(19,20)
(18,20)2000691289(18,21)
(19,20)1737920981(20,20)
(19,20)808695823(19,21)
(20,20)2014182210(21,20)
(20,20)1534727970(20,21)
(21,20)370964951(22,20)
(21,20)535118652(21,21)
(22,20)2056681470(23,20)
(22,20)1607644618(22,21)
(23,20)1943991981(24,20)
(23,20)915435986(23,21)
(24,20)1066474217(25,20)
(24,20)717968170(24,21)
(25,20)481300464(26,20)
(25,20)1959625015(25,21)
(26,20)140316185(27,20)
(26,20)246807256(26,21)
(27,20)451157760(28,20)
(27,20)658907696(27,21)
(28,20)249953491(29,20)
(28,20)209389904(28,21)
(29,20)715227581(30,20)
(29,20)86337781(29,21)
(30,20)454986096(31,20)
(30,20)1446824336(30,21)
(31,20)1319415642(32,20)
(31,20)1127891704(31,21)
(32,20)986489704(33,20)
(32,20)731206418(32,21)
(33,20)584414059(34,20)
(33,20)1903249205(33,21)
(34,20)564461381(35,20)
(34,20)1674194370(34,21)
(35,20)1061438693(36,20)
(35,20)174851392(35,21)
(36,20)709970045(37,20)
(36,20)431159943(36,21)
(37,20)2038804561(38,20)
(37,20)1432403644(37,21)
(38,20)200355982(39,20)
(38,20)619167867(38,21)
(39,20)1337136038(40,20)
(39,20)1835312895(39,21)
(40,20)1647454262(41,20)
(40,20)1266830200(40,21)
(41,20)1513637456(42,20)
(41,20)1818436502(41,21)
(42,20)329860550(43,20)
(42,20)1787770448(42,21)
(43,20)1997160352(44,20)
(43,20)1964795216(43,21)
(44,20)2051132997(45,20)
(44,20)579814041(44,21)
(45,20)2026638377(46,20)
(45,20)564904285(45,21)
(46,20)1692795989(47,20)
(46,20)358635446(46,21)
(47,20)1089841864(48,20)
(47,20)1198570371(47,21)
(48,20)954335929(49,20)
(48,20)531802045(48,21)
(49,20)1674255923(49,21)
(0,21)1518797310(1,21)
(0,21)58512768(0,22)
(1,21)1119951461(2,21)
(1,21)1849107315(1,22)
(2,21)411593712(3,21)
(2,21)1949957253(2,22)
(3,21)1841278166(4,21)
(3,21)404871457(3,22)
(4,21)605227440(5,21)
(4,21)1030761580(4,22)
(5,21)220413970(6,21)
(5,21)1529107413(5,22)
(6,21)1029078028(7,21)
(6,21)1872057640(6,22)
(7,21)1238211448(8,21)
(7,21)2038850472(7,22)
(8,21)221227374(9,21)
(8,21)669364828(8,22)
(9,21)519041532(10,21)
(9,21)1055523016(9,22)
(10,21)959172366(11,21)
(10,21)801041415(10,22)
(11,21)680196144(12,21)
(11,21)1083945817(11,22)
(12,21)629258158(13,21)
(12,21)1317807812(12,22)
(13,21)260166028(14,21)
(13,21)1878766516(13,22)
(14,21)685618797(15,21)
(14,21)1161060203(14,22)
(15,21)1219572971(16,21)
(15,21)1934421951(15,22)
(16,21)1636045618(17,21)
(16,21)56932459(16,22)
(17,21)2006889712(18,21)
(17,21)192040784(17,22)
(18,21)596912242(19,21)
(18,21)2047639331(18,22)
(19,21)930917263(20,21)
(19,21)1700684230(19,22)
(20,21)1082307996(21,21)
(20,21)1202139682(20,22)
(21,21)926713674(22,21)
(21,21)1151331233(21,22)
(22,21)1042698057(23,21)
(22,21)2111386024(22,22)
(23,21)633267204(24,21)
(23,21)17441474(23,22)
(24,21)1072964490(25,21)
(24,21)1263925431(24,22)
(25,21)2064966846(26,21)
(25,21)1152308736(25,22)
(26,21)88770905(27,21)
(26,21)2032136856(26,22)
(27,21)1202461020(28,21)
(27,21)597679342(27,22)
(28,21)328962210(29,21)
(28,21)718029063(28,22)
(29,21)1879089266(30,21)
(29,21)1462627048(29,22)
(30,21)1249565351(31,21)
(30,21)1014581007(30,22)
(31,21)1071513466(32,21)
(31,21)951178590(31,22)
(32,21)1143219374(33,21)
(32,21)738127322(32,22)
(33,21)638283005(34,21)
(33,21)930919530(33,22)
(34,21)484120113(35,21)
(34,21)1740131616(34,22)
(35,21)794787650(36,21)
(35,21)1569200268(35,22)
(36,21)573047853(37,21)
(36,21)1566428109(36,22)
(37,21)1530330485(38,21)
(37,21)1721501324(37,22)
(38,21)1738942798(39,21)
(38,21)1615745910(38,22)
(39,21)732187693(40,21)
(39,21)16114041(39,22)
(40,21)1168422777(41,21)
(40,21)664423641(40,22)
(41,21)549076849(42,21)
(41,21)649670891(41,22)
(42,21)1247350233(43,21)
(42,21)1257193682(42,22)
(43,21)1975222745(44,21)
(43,21)1751537870(43,22)
(44,21)1066681270(45,21)
(44,21)1576312444(44,22)
(45,21)443409803(46,21)
(45,21)1706828363(45,22)
(46,21)510523305(47,21)
(46,21)168762974(46,22)
(47,21)906890296(48,21)
(47,21)1514923270(47,22)
(48,21)298359152(49,21)
(48,21)1653742680(48,22)
(49,21)1545173301(49,22)
(0,22)782479265(1,22)
(0,22)1246390648(0,23)
(1,22)2041178299(2,22)
(1,22)966889921(1,23)
(2,22)1539937774(3,22)
(2,22)201423726(2,23)
(3,22)1731754211(4,22)
(3,22)1615195975(3,23)
(4,22)1206655126(5,22)
(4,22)1008200036(4,23)
(5,22)1740387729(6,22)
(5,22)1747868252(5,23)
(6,22)768807381(7,22)
(6,22)1871078767(6,23)
(7,22)272671968(8,22)
(7,22)242574972(7,23)
(8,22)1489925205(9,22)
(8,22)2026001063(8,23)
(9,22)1853740160(10,22)
(9,22)2024209838(9,23)
(10,22)943407461(11,22)
(10,22)918754001(10,23)
(11,22)1362163805(12,22)
(11,22)1413084876(11,23)
(12,22)1923608181(13,22)
(12,22)1112170435(12,23)
(13,22)2019060731(14,22)
(13,22)729603427(13,23)
(14,22)1027962579(15,22)
(14,22)1429867213(14,23)
(15,22)528774214(16,22)
(15,22)1416750384(15,23)
(16,22)236156657(17,22)
(16,22)1810441845(16,23)
(17,22)2011865571(18,22)
(17,22)422468865(17,23)
(18,22)2037664840(19,22)
(18,22)1776094431(18,23)
(19,22)636810819(20,22)
(19,22)1596136135(19,23)
(20,22)1196520739(21,22)
(20,22)1096836318(20,23)
(21,22)820431437(22,22)
(21,22)229714900(21,23)
(22,22)472289872(23,22)
(22,22)1965328121(22,23)
(23,22)1843845536(24,22)
(23,22)1093103406(23,23)
(24,22)969829596(25,22)
(24,22)1962215077(24,23)
(25,22)733485431(26,22)
(25,22)1550102049(25,23)
(26,22)815703277(27,22)
(26,22)1913237057(26,23)
(27,22)877923844(28,22)
(27,22)2095649236(27,23)
(28,22)677769015(29,22)
(28,22)591827810(28,23)
(29,22)2021695024(30,22)
(29,22)749500927(29,23)
(30,22)18767663(31,22)
(30,22)1705731594(30,23)
(31,22)1368689791(32,22)
(31,22)402985590(31,23)
(32,22)825454455(33,22)
(32,22)254924320(32,23)
(33,22)2031018751(34,22)
(33,22)1233071715(33,23)
(34,22)681724202(35,22)
(34,22)715635647(34,23)
(35,22)1812471966(36,22)
(35,22)520345922(35,23)
(36,22)750060822(37,22)
(36,22)1878244941(36,23)
(37,22)1696089414(38,22)
(37,22)485419755(37,23)
(38,22)1578523161(39,22)
(38,22)1222350694(38,23)
(39,22)1037082124(40,22)
(39,22)1392451303(39,23)
(40,22)795069704(41,22)
(40,22)400869110(40,23)
(41,22)166622519(42,22)
(41,22)1770567555(41,23)
(42,22)1718733143(43,22)
(42,22)1610772981(42,23)
(43,22)55117143(44,22)
(43,22)1044546364(43,23)
(44,22)1794047291(45,22)
(44,22)249018510(44,23)
(45,22)1954750104(46,22)
(45,22)2076812167(45,23)
(46,22)332314109(47,22)
(46,22)1812814955(46,23)
(47,22)2067739275(48,22)
(47,22)1175956248(47,23)
(48,22)261544315(49,22)
(48,22)1157768564(48,23)
(49,22)1951274379(49,23)
(0,23)943268517(1,23)
(0,23)1873404212(0,24)
(1,23)1538392530(2,23)
(1,23)324136653(1,24)
(2,23)1074197476(3,23)
(2,23)674029810(2,24)
(3,23)222635577(4,23)
(3,23)2023812285(3,24)
(4,23)1454851799(5,23)
(4,23)149064522(4,24)
(5,23)1186146646(6,23)
(5,23)1615086880(5,24)
(6,23)262672936(7,23)
(6,23)1855720909(6,24)
(7,23)2022343428(8,23)
(7,23)809230553(7,24)
(8,23)380480048(9,23)
(8,23)1873445917(8,24)
(9,23)1928563060(10,23)
(9,23)919406144(9,24)
(10,23)565969788(11,23)
(10,23)629498558(10,24)
(11,23)436765015(12,23)
(11,23)1857891580(11,24)
(12,23)42722041(13,23)
(12,23)231301095(12,24)
(13,23)151556722(14,23)
(13,23)1612721263(13,24)
(14,23)1874265578(15,23)
(14,23)1200490606(14,24)
(15,23)926411170(16,23)
(15,23)2102831101(15,24)
(16,23)279484107(17,23)
(16,23)670050447(16,24)
(17,23)1344080257(18,23)
(17,23)317320052(17,24)
(18,23)193648689(19,23)
(18,23)1353681583(18,24)
(19,23)1502746105(20,23)
(19,23)1566715834(19,24)
(20,23)1034319066(21,23)
(20,23)1648500488(20,24)
(21,23)1356737749(22,23)
(21,23)541409104(21,24)
(22,23)1350639657(23,23)
(22,23)1296992002(22,24)
(23,23)1022954271(24,23)
(23,23)1231597530(23,24)
(24,23)3520026(25,23)
(24,23)1731119706(24,24)
(25,23)213134616(26,23)
(25,23)804033684(25,24)
(26,23)514441616(27,23)
(26,23)569489814(26,24)
(27,23)800790909(28,23)
(27,23)649899631(27,24)
(28,23)115137246(29,23)
(28,23)557163657(28,24)
(29,23)1757654263(30,23)
(29,23)952347632(29,24)
(30,23)907695085(31,23)
(30,23)1989402824(30,24)
(31,23)511969623(32,23)
(31,23)536581785(31,24)
(32,23)853901837(33,23)
(32,23)1187179192(32,24)
(33,23)393377127(34,23)
(33,23)1856049881(33,24)
(34,23)1275282067(35,23)
(34,23)1047550527(34,24)
(35,23)548567367(36,23)
(35,23)1896123233(35,24)
(36,23)290048689(37,23)
(36,23)162117486(36,24)
(37,23)1459109488(38,23)
(37,23)1905305117(37,24)
(38,23)989418999(39,23)
(38,23)1640688346(38,24)
(39,23)1224324404(40,23)
(39,23)334580112(39,24)
(40,23)1138613796(41,23)
(40,23)992939025(40,24)
(41,23)1562428840(42,23)
(41,23)1437459021(41,24)
(42,23)2087358652(43,23)
(42,23)1653055412(42,24)
(43,23)62735421(44,23)
(43,23)215736101(43,24)
(44,23)1168083733(45,23)
(44,23)55012251(44,24)
(45,23)2044415075(46,23)
(45,23)1820389685(45,24)
(46,23)209487822(47,23)
(46,23)2075778819(46,24)
(47,23)1115474363(48,23)
(47,23)408901051(47,24)
(48,23)117467284(49,23)
(48,23)1063389660(48,24)
(49,23)1508851491(49,24)
(0,24)1392749351(1,24)
(0,24)2110940187(0,25)
(1,24)512023906(2,24)
(1,24)1257491076(1,25)
(2,24)1547539765(3,24)
(2,24)1554866837(2,25)
(3,24)866492678(4,24)
(3,24)269845375(3,25)
(4,24)1259264374(5,24)
(4,24)1040744463(4,25)
(5,24)117585220(6,24)
(5,24)1201072790(5,25)
(6,24)192202938(7,24)
(6,24)104719752(6,25)
(7,24)1667148592(8,24)
(7,24)1555044241(7,25)
(8,24)1494919245(9,24)
(8,24)1845258350(8,25)
(9,24)1907993771(10,24)
(9,24)1882884693(9,25)
(10,24)903484779(11,24)
(10,24)1549931496(10,25)
(11,24)1446862924(12,24)
(11,24)1580899808(11,25)
(12,24)1790387631(13,24)
(12,24)831779950(12,25)
(13,24)1947254313(14,24)
(13,24)1855763975(13,25)
(14,24)1973231259(15,24)
(14,24)706293643(14,25)
(15,24)669750182(16,24)
(15,24)1308622156(15,25)
(16,24)418629584(17,24)
(16,24)1218496962(16,25)
(17,24)625880152(18,24)
(17,24)1181774088(17,25)
(18,24)1451619464(19,24)
(18,24)1966169349(18,25)
(19,24)859430165(20,24)
(19,24)1492372830(19,25)
(20,24)545961972(21,24)
(20,24)563400190(20,25)
(21,24)668119942(22,24)
(21,24)977015385(21,25)
(22,24)384575978(23,24)
(22,24)738164910(22,25)
(23,24)435939612(24,24)
(23,24)187784886(23,25)
(24,24)2070669580(25,24)
(24,24)1879495223(24,25)
(25,24)1281943072(26,24)
(25,24)196449735(25,25)
(26,24)1777349544(27,24)
(26,24)826670711(26,25)
(27,24)1658450661(28,24)
(27,24)581322348(27,25)
(28,24)289602675(29,24)
(28,24)1420253527(28,25)
(29,24)2126547170(30,24)
(29,24)1458221326(29,25)
(30,24)619359835(31,24)
(30,24)115350286(30,25)
(31,24)1333847248(32,24)
(31,24)648813704(31,25)
(32,24)1830587792(33,24)
(32,24)1037989419(32,25)
(33,24)856675121(34,24)
(33,24)1959727400(33,25)
(34,24)1304616582(35,24)
(34,24)1134723608(34,25)
(35,24)1698123799(36,24)
(35,24)1716105286(35,25)
(36,24)545637023(37,24)
(36,24)1850578554(36,25)
(37,24)441259816(38,24)
(37,24)218760093(37,25)
(38,24)406544980(39,24)
(38,24)930213001(38,25)
(39,24)662224576(40,24)
(39,24)877199428(39,25)
(40,24)1073649164(41,24)
(40,24)329730912(40,25)
(41,24)1156401623(42,24)
(41,24)1944167648(41,25)
(42,24)378006348(43,24)
(42,24)703515060(42,25)
(43,24)2123768587(44,24)
(43,24)667368636(43,25)
(44,24)2125589962(45,24)
(44,24)667609023(44,25)
(45,24)782959309(46,24)
(45,24)2102832109(45,25)
(46,24)604162165(47,24)
(46,24)597466149(46,25)
(47,24)1635455569(48,24)
(47,24)2116806558(47,25)
(48,24)1929050310(49,24)
(48,24)287266309(48,25)
(49,24)344647042(49,25)
(0,25)1086183245(1,25)
(0,25)1421989918(0,26)
(1,25)972630069(2,25)
(1,25)2060752328(1,26)
(2,25)458905703(3,25)
(2,25)789278151(2,26)
(3,25)1230537968(4,25)
(3,25)1191390162(3,26)
(4,25)1597935142(5,25)
(4,25)1389118704(4,26)
(5,25)2051343280(6,25)
(5,25)2107737396(5,26)
(6,25)1033902912(7,25)
(6,25)1927666054(6,26)
(7,25)936584029(8,25)
(7,25)1848027281(7,26)
(8,25)78549981(9,25)
(8,25)1737417972(8,26)
(9,25)1713702911(10,25)
(9,25)1603952665(9,26)
(10,25)1582058980(11,25)
(10,25)746159005(10,26)
(11,25)1529118314(12,25)
(11,25)1669051372(11,26)
(12,25)125729889(13,25)
(12,25)32041481(12,26)
(13,25)1667497050(14,25)
(13,25)1498441224(13,26)
(14,25)1280007887(15,25)
(14,25)412996199(14,26)
(15,25)1834986117(16,25)
(15,25)2012144092(15,26)
(16,25)1925412772(17,25)
(16,25)218707484(16,26)
(17,25)1007985635(18,25)
(17,25)660132538(17,26)
(18,25)1851522700(19,25)
(18,25)236834827(18,26)
(19,25)1625953531(20,25)
(19,25)91039955(19,26)
(20,25)51293704(21,25)
(20,25)1301974195(20,26)
(21,25)1082156601(22,25)
(21,25)1529813164(21,26)
(22,25)1230356797(23,25)
(22,25)1085196616(22,26)
(23,25)675130941(24,25)
(23,25)2018740631(23,26)
(24,25)1475209648(25,25)
(24,25)1308906778(24,26)
(25,25)2055065783(26,25)
(25,25)241350204(25,26)
(26,25)1910401577(27,25)
(26,25)909784980(26,26)
(27,25)941826462(28,25)
(27,25)1436700450(27,26)
(28,25)787658026(29,25)
(28,25)2036131466(28,26)
(29,25)301644017(30,25)
(29,25)461839864(29,26)
(30,25)326500309(31,25)
(30,25)2067665913(30,26)
(31,25)138889749(32,25)
(31,25)2136630134(31,26)
(32,25)649279024(33,25)
(32,25)104429433(32,26)
(33,25)341264261(34,25)
(33,25)1146875385(33,26)
(34,25)1237915340(35,25)
(34,25)353318077(34,26)
(35,25)1655292272(36,25)
(35,25)1967217792(35,26)
(36,25)1349547308(37,25)
(36,25)1289209044(36,26)
(37,25)226922013(38,25)
(37,25)589965225(37,26)
(38,25)461222208(39,25)
(38,25)432420457(38,26)
(39,25)1741327236(40,25)
(39,25)902052954(39,26)
(40,25)1143403158(41,25)
(40,25)1936431857(40,26)
(41,25)698733189(42,25)
(41,25)1648909371(41,26)
(42,25)938126173(43,25)
(42,25)906321087(42,26)
(43,25)794968906(44,25)
(43,25)1640559651(43,26)
(44,25)2102399516(45,25)
(44,25)1725784200(44,26)
(45,25)1645966465(46,25)
(45,25)1096612923(45,26)
(46,25)1085759410(47,25)
(46,25)281416177(46,26)
(47,25)385845610(48,25)
(47,25)1784856215(47,26)
(48,25)784247952(49,25)
(48,25)1735038434(48,26)
(49,25)727109871(49,26)
(0,26)2022163292(1,26)
(0,26)2088356511(0,27)
(1,26)1596165135(2,26)
(1,26)546844016(1,27)
(2,26)1896391324(3,26)
(2,26)1163888689(2,27)
(3,26)1390810702(4,26)
(3,26)38646713(3,27)
(4,26)499868921(5,26)
(4,26)181328134(4,27)
(5,26)1922655370(6,26)
(5,26)145380008(5,27)
(6,26)1288783166(7,26)
(6,26)288817130(6,27)
(7,26)987550320(8,26)
(7,26)1424081093(7,27)
(8,26)214723619(9,26)
(8,26)47620606(8,27)
(9,26)842589512(10,26)
(9,26)480626323(9,27)
(10,26)435542191(11,26)
(10,26)1940507819(10,27)
(11,26)1438990636(12,26)
(11,26)1939202435(11,27)
(12,26)877478197(13,26)
(12,26)716958368(12,27)
(13,26)1102803979(14,26)
(13,26)1076363203(13,27)
(14,26)1860611155(15,26)
(14,26)465032984(14,27)
(15,26)405905847(16,26)
(15,26)1829913850(15,27)
(16,26)229274218(17,26)
(16,26)1735290800(16,27)
(17,26)751695841(18,26)
(17,26)2002070983(17,27)
(18,26)2040717696(19,26)
(18,26)2125665543(18,27)
(19,26)159510029(20,26)
(19,26)2142506543(19,27)
(20,26)140402903(21,26)
(20,26)393102969(20,27)
(21,26)681920100(22,26)
(21,26)2082165399(21,27)
(22,26)1358762844(23,26)
(22,26)1429186069(22,27)
(23,26)1476806675(24,26)
(23,26)1669470420(23,27)
(24,26)2613095(25,26)
(24,26)1573486463(24,27)
(25,26)1366510634(26,26)
(25,26)171912539(25,27)
(26,26)2111114975(27,26)
(26,26)438155287(26,27)
(27,26)1155113655(28,26)
(27,26)658017623(27,27)
(28,26)1734380826(29,26)
(28,26)841109524(28,27)
(29,26)1306142508(30,26)
(29,26)110433986(29,27)
(30,26)1940347837(31,26)
(30,26)1447508334(30,27)
(31,26)1035315486(32,26)
(31,26)1712048356(31,27)
(32,26)1566635691(33,26)
(32,26)22138407(32,27)
(33,26)320302(34,26)
(33,26)1787011327(33,27)
(34,26)1782034222(35,26)
(34,26)1459869739(34,27)
(35,26)1852972708(36,26)
(35,26)159830331(35,27)
(36,26)94512082(37,26)
(36,26)1922437125(36,27)
(37,26)1204139546(38,26)
(37,26)387409160(37,27)
(38,26)2056879580(39,26)
(38,26)1453274927(38,27)
(39,26)879277742(40,26)
(39,26)533462574(39,27)
(40,26)705375113(41,26)
(40,26)2059492676(40,27)
(41,26)350164315(42,26)
(41,26)98304729(41,27)
(42,26)756322352(43,26)
(42,26)669006440(42,27)
(43,26)1510115965(44,26)
(43,26)1505277970(43,27)
(44,26)1615711957(45,26)
(44,26)343219530(44,27)
(45,26)1790727864(46,26)
(45,26)668774825(45,27)
(46,26)233339533(47,26)
(46,26)1408576146(46,27)
(47,26)1430714553(48,26)
(47,26)678559702(47,27)
(48,26)318087381(49,26)
(48,26)1799975224(48,27)
(49,26)1431034856(49,27)
(0,27)2100121603(1,27)
(0,27)1112361315(0,28)
(1,27)817850376(2,27)
(1,27)1590865187(1,28)
(2,27)1685377270(3,27)
(2,27)1875075080(2,28)
(3,27)931730979(4,27)
(3,27)1205259536(3,28)
(4,27)1114655469(5,27)
(4,27)991168549(4,28)
(5,27)1870446291(6,27)
(5,27)1465193553(5,28)
(6,27)23085018(7,27)
(6,27)1026664497(6,28)
(7,27)1376828812(8,27)
(7,27)1968751020(7,28)
(8,27)577589724(9,27)
(8,27)692091459(8,28)
(9,27)54723776(10,27)
(9,27)734623134(9,28)
(10,27)202851443(11,27)
(10,27)920809255(10,28)
(11,27)564053471(12,27)
(11,27)723498601(11,28)
(12,27)956838135(13,27)
(12,27)1611427589(12,28)
(13,27)894658495(14,27)
(13,27)1242613174(13,28)
(14,27)1560700555(15,27)
(14,27)609329711(14,28)
(15,27)1721691027(16,27)
(15,27)178209703(15,28)
(16,27)1769074890(17,27)
(16,27)1513338511(16,28)
(17,27)1240929943(18,27)
(17,27)392057755(17,28)
(18,27)1597317291(19,27)
(18,27)1306968512(18,28)
(19,27)150653413(20,27)
(19,27)25177274(19,28)
(20,27)1490370827(21,27)
(20,27)564489112(20,28)
(21,27)1591153609(22,27)
(21,27)2021099705(21,28)
(22,27)1842367077(23,27)
(22,27)1513455846(22,28)
(23,27)58063657(24,27)
(23,27)820498773(23,28)
(24,27)1555121908(25,27)
(24,27)272473154(24,28)
(25,27)1193282409(26,27)
(25,27)112787433(25,28)
(26,27)836286034(27,27)
(26,27)1757973351(26,28)
(27,27)1221917293(28,27)
(27,27)1757335880(27,28)
(28,27)852465406(29,27)
(28,27)1793124169(28,28)
(29,27)254970233(30,27)
(29,27)2116575788(29,28)
(30,27)147301843(31,27)
(30,27)265682314(30,28)
(31,27)1779020825(32,27)
(31,27)1976661260(31,28)
(32,27)221235367(33,27)
(32,27)1916376733(32,28)
(33,27)1075861598(34,27)
(33,27)872467120(33,28)
(34,27)897644395(35,27)
(34,27)1818552658(34,28)
(35,27)235558123(36,27)
(35,27)1226515011(35,28)
(36,27)1100131068(37,27)
(36,27)240531574(36,28)
(37,27)1753987420(38,27)
(37,27)1826711732(37,28)
(38,27)499726858(39,27)
(38,27)795014498(38,28)
(39,27)1067487652(40,27)
(39,27)1812051077(39,28)
(40,27)1924838510(41,27)
(40,27)2054848766(40,28)
(41,27)1665338469(42,27)
(41,27)113286413(41,28)
(42,27)1870622293(43,27)
(42,27)613640897(42,28)
(43,27)259281418(44,27)
(43,27)739772114(43,28)
(44,27)708864254(45,27)
(44,27)575604052(44,28)
(45,27)841286366(46,27)
(45,27)514251651(45,28)
(46,27)343429263(47,27)
(46,27)856166097(46,28)
(47,27)625059183(48,27)
(47,27)472823543(47,28)
(48,27)1345290663(49,27)
(48,27)564664630(48,28)
(49,27)1700920781(49,28)
(0,28)95451410(1,28)
(0,28)235733641(0,29)
(1,28)471291764(2,28)
(1,28)779952144(1,29)
(2,28)1880083213(3,28)
(2,28)335982985(2,29)
(3,28)2089970405(4,28)
(3,28)150519848(3,29)
(4,28)650246706(5,28)
(4,28)527614063(4,29)
(5,28)1595101715(6,28)
(5,28)1754537835(5,29)
(6,28)1531892697(7,28)
(6,28)557611824(6,29)
(7,28)75466646(8,28)
(7,28)1708388128(7,29)
(8,28)1431526773(9,28)
(8,28)2145533594(8,29)
(9,28)257331365(10,28)
(9,28)815238760(9,29)
(10,28)1524103015(11,28)
(10,28)2007130825(10,29)
(11,28)700933543(12,28)
(11,28)771583016(11,29)
(12,28)1115012280(13,28)
(12,28)232785464(12,29)
(13,28)857844647(14,28)
(13,28)1173757086(13,29)
(14,28)371564102(15,28)
(14,28)1679676910(14,29)
(15,28)1915410551(16,28)
(15,28)411281780(15,29)
(16,28)1191233925(17,28)
(16,28)467015512(16,29)
(17,28)802998497(18,28)
(17,28)239218667(17,29)
(18,28)389738516(19,28)
(18,28)923833490(18,29)
(19,28)1451447553(20,28)
(19,28)745485255(19,29)
(20,28)352539442(21,28)
(20,28)1039985222(20,29)
(21,28)1597597047(22,28)
(21,28)899065620(21,29)
(22,28)459970100(23,28)
(22,28)1884432139(22,29)
(23,28)1882482086(24,28)
(23,28)1673063693(23,29)
(24,28)340818805(25,28)
(24,28)1891496873(24,29)
(25,28)1751144051(26,28)
(25,28)2139813451(25,29)
(26,28)763912819(27,28)
(26,28)1864921820(26,29)
(27,28)2097707285(28,28)
(27,28)304593946(27,29)
(28,28)1478351033(29,28)
(28,28)1878925099(28,29)
(29,28)1411118362(30,28)
(29,28)808068284(29,29)
(30,28)1219350065(31,28)
(30,28)1849915135(30,29)
(31,28)169446999(32,28)
(31,28)1179045265(31,29)
(32,28)1418263933(33,28)
(32,28)263100342(32,29)
(33,28)1186933832(34,28)
(33,28)972445497(33,29)
(34,28)1717930752(35,28)
(34,28)1808002449(34,29)
(35,28)700504023(36,28)
(35,28)490897737(35,29)
(36,28)1389963357(37,28)
(36,28)2070470194(36,29)
(37,28)1807418685(38,28)
(37,28)150617422(37,29)
(38,28)1823681115(39,28)
(38,28)1849933457(38,29)
(39,28)1593946682(40,28)
(39,28)1542417123(39,29)
(40,28)1534746926(41,28)
(40,28)17016273(40,29)
(41,28)1881938093(42,28)
(41,28)1197607085(41,29)
(42,28)1502201032(43,28)
(42,28)151176098(42,29)
(43,28)2030101197(44,28)
(43,28)1832161730(43,29)
(44,28)492746367(45,28)
(44,28)833068417(44,29)
(45,28)535499904(46,28)
(45,28)1293735911(45,29)
(46,28)325297529(47,28)
(46,28)1712096432(46,29)
(47,28)1975196774(48,28)
(47,28)704946903(47,29)
(48,28)1677392400(49,28)
(48,28)1743561462(48,29)
(49,28)1014646958(49,29)
(0,29)1247839504(1,29)
(0,29)1404080263(0,30)
(1,29)2104584286(2,29)
(1,29)1505544695(1,30)
(2,29)748024404(3,29)
(2,29)1170826050(2,30)
(3,29)830761088(4,29)
(3,29)107718061(3,30)
(4,29)1931399176(5,29)
(4,29)450474213(4,30)
(5,29)2044420895(6,29)
(5,29)225694563(5,30)
(6,29)1760441490(7,29)
(6,29)1948415449(6,30)
(7,29)1682869895(8,29)
(7,29)1094544333(7,30)
(8,29)449261717(9,29)
(8,29)1911617588(8,30)
(9,29)1794235137(10,29)
(9,29)1367547977(9,30)
(10,29)1860294344(11,29)
(10,29)1282330134(10,30)
(11,29)1817830038(12,29)
(11,29)940487401(11,30)
(12,29)1265784930(13,29)
(12,29)1424907128(12,30)
(13,29)1252620254(14,29)
(13,29)375293293(13,30)
(14,29)2052685694(15,29)
(14,29)861862744(14,30)
(15,29)118459359(16,29)
(15,29)119783564(15,30)
(16,29)1625328259(17,29)
(16,29)1153041550(16,30)
(17,29)176383953(18,29)
(17,29)75559997(17,30)
(18,29)183278058(19,29)
(18,29)225869015(18,30)
(19,29)676343228(20,29)
(19,29)1007145041(19,30)
(20,29)1232839604(21,29)
(20,29)2114677235(20,30)
(21,29)1915609036(22,29)
(21,29)573280476(21,30)
(22,29)1667824809(23,29)
(22,29)845797446(22,30)
(23,29)609931386(24,29)
(23,29)1450995283(23,30)
(24,29)671059613(25,29)
(24,29)2117086526(24,30)
(25,29)1251933012(26,29)
(25,29)256682876(25,30)
(26,29)1197170277(27,29)
(26,29)383870309(26,30)
(27,29)1808777438(28,29)
(27,29)922279402(27,30)
(28,29)1297572695(29,29)
(28,29)315471559(28,30)
(29,29)1177334303(30,29)
(29,29)913914044(29,30)
(30,29)1033697609(31,29)
(30,29)1202774741(30,30)
(31,29)208332644(32,29)
(31,29)1295793662(31,30)
(32,29)1371353659(33,29)
(32,29)511542220(32,30)
(33,29)737411236(34,29)
(33,29)384716597(33,30)
(34,29)1391861638(35,29)
(34,29)1554631718(34,30)
(35,29)1521825305(36,29)
(35,29)1413754464(35,30)
(36,29)1987034940(37,29)
(36,29)477217594(36,30)
(37,29)1323015041(38,29)
(37,29)1289950693(37,30)
(38,29)593462329(39,29)
(38,29)1507376101(38,30)
(39,29)1476978979(40,29)
(39,29)1932946427(39,30)
(40,29)42145655(41,29)
(40,29)1264521942(40,30)
(41,29)1648392251(42,29)
(41,29)581428343(41,30)
(42,29)1503707745(43,29)
(42,29)1239315932(42,30)
(43,29)1554787491(44,29)
(43,29)1309686041(43,30)
(44,29)76116438(45,29)
(44,29)653796793(44,30)
(45,29)1856571534(46,29)
(45,29)584638146(45,30)
(46,29)1880431808(47,29)
(46,29)1109814047(46,30)
(47,29)1621356267(48,29)
(47,29)2064904178(47,30)
(48,29)302137127(49,29)
(48,29)1104301820(48,30)
(49,29)211283855(49,30)
(0,30)1693998765(1,30)
(0,30)511449890(0,31)
(1,30)2033275195(2,30)
(1,30)1625038320(1,31)
(2,30)1464589612(3,30)
(2,30)23732712(2,31)
(3,30)1346747753(4,30)
(3,30)1175742240(3,31)
(4,30)1769204569(5,30)
(4,30)824482066(4,31)
(5,30)153977397(6,30)
(5,30)1132210532(5,31)
(6,30)1174356188(7,30)
(6,30)886242863(6,31)
(7,30)387151467(8,30)
(7,30)735405741(7,31)
(8,30)91629838(9,30)
(8,30)266188472(8,31)
(9,30)1820975964(10,30)
(9,30)1696837508(9,31)
(10,30)1772953946(11,30)
(10,30)745426631(10,31)
(11,30)454514518(12,30)
(11,30)258130462(11,31)
(12,30)2138562271(13,30)
(12,30)735284345(12,31)
(13,30)209156965(14,30)
(13,30)371935048(13,31)
(14,30)674072176(15,30)
(14,30)1095380443(14,31)
(15,30)1606830333(16,30)
(15,30)420440820(15,31)
(16,30)2045479140(17,30)
(16,30)220587293(16,31)
(17,30)244320005(18,30)
(17,30)1492621880(17,31)
(18,30)520880472(19,30)
(18,30)1362585105(18,31)
(19,30)39583523(20,30)
(19,30)1591067758(19,31)
(20,30)575794643(21,30)
(20,30)142601394(20,31)
(21,30)1028844257(22,30)
(21,30)193560920(21,31)
(22,30)928966661(23,30)
(22,30)1750150831(22,31)
(23,30)2016339303(24,30)
(23,30)1415995724(23,31)
(24,30)965349585(25,30)
(24,30)1020596500(24,31)
(25,30)1766023131(26,30)
(25,30)1689831619(25,31)
(26,30)1947962082(27,30)
(26,30)590819883(26,31)
(27,30)1326104229(28,30)
(27,30)73054001(27,31)
(28,30)444989050(29,30)
(28,30)1939040705(28,31)
(29,30)886937500(30,30)
(29,30)1535261194(29,31)
(30,30)1955702014(31,30)
(30,30)1119061226(30,31)
(31,30)1339648519(32,30)
(31,30)346284185(31,31)
(32,30)1838906065(33,30)
(32,30)1853697507(32,31)
(33,30)1068798964(34,30)
(33,30)1583968525(33,31)
(34,30)1027552635(35,30)
(34,30)212302889(34,31)
(35,30)354904283(36,30)
(35,30)1108382487(35,31)
(36,30)1301943407(37,30)
(36,30)1603347278(36,31)
(37,30)1206014461(38,30)
(37,30)1383748541(37,31)
(38,30)652260617(39,30)
(38,30)83426421(38,31)
(39,30)1104022921(40,30)
(39,30)1074870117(39,31)
(40,30)617218088(41,30)
(40,30)1617610202(40,31)
(41,30)60946438(42,30)
(41,30)722562404(41,31)
(42,30)795616406(43,30)
(42,30)417696522(42,31)
(43,30)209253579(44,30)
(43,30)1387050667(43,31)
(44,30)774828213(45,30)
(44,30)1240605456(44,31)
(45,30)212183034(46,30)
(45,30)1096191079(45,31)
(46,30)1442475264(47,30)
(46,30)583046579(46,31)
(47,30)289260438(48,30)
(47,30)1551831553(47,31)
(48,30)988316430(49,30)
(48,30)1133897681(48,31)
(49,30)1358059402(49,31)
(0,31)2015869066(1,31)
(0,31)1346200571(0,32)
(1,31)1701104854(2,31)
(1,31)318958241(1,32)
(2,31)1620901649(3,31)
(2,31)1471732696(2,32)
(3,31)530263510(4,31)
(3,31)937369747(3,32)
(4,31)1589630365(5,31)
(4,31)1704328070(4,32)
(5,31)660867343(6,31)
(5,31)1605133627(5,32)
(6,31)74868067(7,31)
(6,31)1059756919(6,32)
(7,31)1120703357(8,31)
(7,31)1383429747(7,32)
(8,31)31562505(9,31)
(8,31)492564590(8,32)
(9,31)701818169(10,31)
(9,31)360270376(9,32)
(10,31)1135098589(11,31)
(10,31)1272167961(10,32)
(11,31)1484350995(12,31)
(11,31)1798009249(11,32)
(12,31)1093000865(13,31)
(12,31)1718145169(12,32)
(13,31)2007405607(14,31)
(13,31)888698901(13,32)
(14,31)1877015331(15,31)
(14,31)79414899(14,32)
(15,31)1425615470(16,31)
(15,31)1217981362(15,32)
(16,31)1536939603(17,31)
(16,31)1745400749(16,32)
(17,31)1069649798(18,31)
(17,31)979236676(17,32)
(18,31)1916606424(19,31)
(18,31)1010357604(18,32)
(19,31)567202026(20,31)
(19,31)1599913308(19,32)
(20,31)1057563287(21,31)
(20,31)1358753141(20,32)
(21,31)271026412(22,31)
(21,31)1228069369(21,32)
(22,31)464015469(23,31)
(22,31)1132431354(22,32)
(23,31)1624995944(24,31)
(23,31)1391729770(23,32)
(24,31)1752000146(25,31)
(24,31)495577974(24,32)
(25,31)1767745936(26,31)
(25,31)179330466(25,32)
(26,31)1977339715(27,31)
(26,31)739615088(26,32)
(27,31)310276609(28,31)
(27,31)1104613283(27,32)
(28,31)1993312184(29,31)
(28,31)922856932(28,32)
(29,31)1002271831(30,31)
(29,31)170198568(29,32)
(30,31)1388179930(31,31)
(30,31)1722843868(30,32)
(31,31)1320760969(32,31)
(31,31)280403653(31,32)
(32,31)1259640330(33,31)
(32,31)777635886(32,32)
(33,31)1787993490(34,31)
(33,31)242927119(33,32)
(34,31)1842840427(35,31)
(34,31)1028763106(34,32)
(35,31)240032599(36,31)
(35,31)207711869(35,32)
(36,31)1435781238(37,31)
(36,31)752920066(36,32)
(37,31)1885351421(38,31)
(37,31)511059011(37,32)
(38,31)1902788781(39,31)
(38,31)1899796707(38,32)
(39,31)247891034(40,31)
(39,31)1362863717(39,32)
(40,31)1542194183(41,31)
(40,31)1507305280(40,32)
(41,31)99436720(42,31)
(41,31)2015636970(41,32)
(42,31)972766605(43,31)
(42,31)1372050250(42,32)
(43,31)147423535(44,31)
(43,31)409713329(43,32)
(44,31)579911897(45,31)
(44,31)818595142(44,32)
(45,31)393955362(46,31)
(45,31)1149695366(45,32)
(46,31)1430099020(47,31)
(46,31)1968091828(46,32)
(47,31)598244066(48,31)
(47,31)1714716331(47,32)
(48,31)1957643451(49,31)
(48,31)542255702(48,32)
(49,31)238753908(49,32)
(0,32)1653000230(1,32)
(0,32)1571018808(0,33)
(1,32)1811051407(2,32)
(1,32)446465777(1,33)
(2,32)1882247016(3,32)
(2,32)258436649(2,33)
(3,32)2143788070(4,32)
(3,32)174626770(3,33)
(4,32)2077415552(5,32)
(4,32)1634560075(4,33)
(5,32)1882451109(6,32)
(5,32)1359168139(5,33)
(6,32)753878675(7,32)
(6,32)1437237184(6,33)
(7,32)1536673904(8,32)
(7,32)1750604431(7,33)
(8,32)575887389(9,32)
(8,32)2125928925(8,33)
(9,32)125868812(10,32)
(9,32)1946387233(9,33)
(10,32)378815482(11,32)
(10,32)1394482531(10,33)
(11,32)1788437893(12,32)
(11,32)1275564179(11,33)
(12,32)558179551(13,32)
(12,32)199423662(12,33)
(13,32)797667728(14,32)
(13,32)1355670576(13,33)
(14,32)1165830379(15,32)
(14,32)1100435253(14,33)
(15,32)523970413(16,32)
(15,32)1036421637(15,33)
(16,32)1482887414(17,32)
(16,32)671346962(16,33)
(17,32)929783611(18,32)
(17,32)187538172(17,33)
(18,32)362164942(19,32)
(18,32)1217650782(18,33)
(19,32)704727210(20,32)
(19,32)926088033(19,33)
(20,32)137772524(21,32)
(20,32)292096846(20,33)
(21,32)1729334030(22,32)
(21,32)439694671(21,33)
(22,32)42815455(23,32)
(22,32)891651199(22,33)
(23,32)870096477(24,32)
(23,32)1118524286(23,33)
(24,32)917427871(25,32)
(24,32)618702844(24,33)
(25,32)2013185375(26,32)
(25,32)995965289(25,33)
(26,32)124045820(27,32)
(26,32)1296243354(26,33)
(27,32)1495667016(28,32)
(27,32)1654139620(27,33)
(28,32)862326548(29,32)
(28,32)682225371(28,33)
(29,32)1782660624(30,32)
(29,32)145851097(29,33)
(30,32)1182272734(31,32)
(30,32)2028156928(30,33)
(31,32)552020242(32,32)
(31,32)159147389(31,33)
(32,32)346685561(33,32)
(32,32)517676500(32,33)
(33,32)1735327283(34,32)
(33,32)1481803853(33,33)
(34,32)260408238(35,32)
(34,32)708850504(34,33)
(35,32)1000947350(36,32)
(35,32)292570845(35,33)
(36,32)732265516(37,32)
(36,32)398180762(36,33)
(37,32)1289831962(38,32)
(37,32)582797733(37,33)
(38,32)1701322019(39,32)
(38,32)775080971(38,33)
(39,32)1393783815(40,32)
(39,32)12444791(39,33)
(40,32)1008410080(41,32)
(40,32)471266243(40,33)
(41,32)1767509597(42,32)
(41,32)1259485542(41,33)
(42,32)766141514(43,32)
(42,32)1132455901(42,33)
(43,32)1814681272(44,32)
(43,32)1115692965(43,33)
(44,32)1261544062(45,32)
(44,32)1628468063(44,33)
(45,32)1509141343(46,32)
(45,32)1449858249(45,33)
(46,32)1609005638(47,32)
(46,32)296333148(46,33)
(47,32)814009649(48,32)
(47,32)2061161585(47,33)
(48,32)1395481790(49,32)
(48,32)1955691200(48,33)
(49,32)401853284(49,33)
(0,33)1655890028(1,33)
(0,33)517058056(0,34)
(1,33)1518005406(2,33)
(1,33)694424129(1,34)
(2,33)1426689645(3,33)
(2,33)2054070790(2,34)
(3,33)1196419104(4,33)
(3,33)2100803139(3,34)
(4,33)1654641511(5,33)
(4,33)54286969(4,34)
(5,33)1448070784(6,33)
(5,33)1208863895(5,34)
(6,33)69790328(7,33)
(6,33)2125907754(6,34)
(7,33)1745933703(8,33)
(7,33)560072679(7,34)
(8,33)1326214193(9,33)
(8,33)1202246229(8,34)
(9,33)869443853(10,33)
(9,33)714143020(9,34)
(10,33)1975687083(11,33)
(10,33)807198608(10,34)
(11,33)168856303(12,33)
(11,33)171818454(11,34)
(12,33)1780824093(13,33)
(12,33)124536583(12,34)
(13,33)938546232(14,33)
(13,33)82534240(13,34)
(14,33)1478016030(15,33)
(14,33)1589031645(14,34)
(15,33)2106089701(16,33)
(15,33)1340399516(15,34)
(16,33)2034823645(17,33)
(16,33)986422410(16,34)
(17,33)893009553(18,33)
(17,33)1476611459(17,34)
(18,33)1429930951(19,33)
(18,33)1314029643(18,34)
(19,33)1368316612(20,33)
(19,33)2089428657(19,34)
(20,33)1150808905(21,33)
(20,33)937088814(20,34)
(21,33)915512920(22,33)
(21,33)668903748(21,34)
(22,33)1228976427(23,33)
(22,33)1220599233(22,34)
(23,33)275361814(24,33)
(23,33)513962975(23,34)
(24,33)1228105995(25,33)
(24,33)407706973(24,34)
(25,33)1214905581(26,33)
(25,33)1144805667(25,34)
(26,33)1316624122(27,33)
(26,33)1056309430(26,34)
(27,33)1180846014(28,33)
(27,33)1383761885(27,34)
(28,33)1466296125(29,33)
(28,33)949964567(28,34)
(29,33)391512564(30,33)
(29,33)2119392246(29,34)
(30,33)1312308115(31,33)
(30,33)796828508(30,34)
(31,33)1783250918(32,33)
(31,33)350118617(31,34)
(32,33)1826730076(33,33)
(32,33)1199648112(32,34)
(33,33)366194107(34,33)
(33,33)528776823(33,34)
(34,33)470721833(35,33)
(34,33)1109177379(34,34)
(35,33)2046266193(36,33)
(35,33)1734510719(35,34)
(36,33)255930820(37,33)
(36,33)1621530738(36,34)
(37,33)694646323(38,33)
(37,33)814295465(37,34)
(38,33)1328258440(39,33)
(38,33)1484907247(38,34)
(39,33)1892614220(40,33)
(39,33)970008137(39,34)
(40,33)2114813804(41,33)
(40,33)408880788(40,34)
(41,33)1465190218(42,33)
(41,33)960036154(41,34)
(42,33)196314391(43,33)
(42,33)1283954278(42,34)
(43,33)86435197(44,33)
(43,33)498552584(43,34)
(44,33)470461183(45,33)
(44,33)1662610516(44,34)
(45,33)311955376(46,33)
(45,33)477947761(45,34)
(46,33)828066378(47,33)
(46,33)1782769298(46,34)
(47,33)834933762(48,33)
(47,33)2095206295(47,34)
(48,33)476499470(49,33)
(48,33)507312807(48,34)
(49,33)1201127870(49,34)
(0,34)947221303(1,34)
(0,34)1616490186(0,35)
(1,34)1515272732(2,34)
(1,34)788154941(1,35)
(2,34)1044085761(3,34)
(2,34)421268393(2,35)
(3,34)1115914716(4,34)
(3,34)182084549(3,35)
(4,34)1510342990(5,34)
(4,34)381509361(4,35)
(5,34)126639933(6,34)
(5,34)2085922853(5,35)
(6,34)2053253010(7,34)
(6,34)1919223778(6,35)
(7,34)1236930348(8,34)
(7,34)1086676087(7,35)
(8,34)1282990478(9,34)
(8,34)1189723640(8,35)
(9,34)1276158838(10,34)
(9,34)1735482933(9,35)
(10,34)58460468(11,34)
(10,34)798117347(10,35)
(11,34)1110072723(12,34)
(11,34)1754106599(11,35)
(12,34)434689330(13,34)
(12,34)1841229766(12,35)
(13,34)528679880(14,34)
(13,34)1057795370(13,35)
(14,34)1534294841(15,34)
(14,34)942002137(14,35)
(15,34)411008675(16,34)
(15,34)1729807750(15,35)
(16,34)370479044(17,34)
(16,34)334032496(16,35)
(17,34)755300890(18,34)
(17,34)1926281407(17,35)
(18,34)2108365957(19,34)
(18,34)1414564805(18,35)
(19,34)1796074166(20,34)
(19,34)1871215606(19,35)
(20,34)1809654812(21,34)
(20,34)1471225299(20,35)
(21,34)1242965429(22,34)
(21,34)1922714100(21,35)
(22,34)861906539(23,34)
(22,34)1715424174(22,35)
(23,34)757664166(24,34)
(23,34)332412129(23,35)
(24,34)2067895062(25,34)
(24,34)2144897018(24,35)
(25,34)795530717(26,34)
(25,34)2033823004(25,35)
(26,34)1640445956(27,34)
(26,34)2126355530(26,35)
(27,34)1820101648(28,34)
(27,34)1905603440(27,35)
(28,34)815915163(29,34)
(28,34)2075135286(28,35)
(29,34)869653775(30,34)
(29,34)201297881(29,35)
(30,34)1931105631(31,34)
(30,34)202726356(30,35)
(31,34)536758852(32,34)
(31,34)1280662450(31,35)
(32,34)1059460210(33,34)
(32,34)154101027(32,35)
(33,34)1568665833(34,34)
(33,34)1292059742(33,35)
(34,34)1015791701(35,34)
(34,34)1020342519(34,35)
(35,34)344084170(36,34)
(35,34)1217256351(35,35)
(36,34)992486803(37,34)
(36,34)677962865(36,35)
(37,34)245903391(38,34)
(37,34)1587049599(37,35)
(38,34)1919461728(39,34)
(38,34)1854393343(38,35)
(39,34)1851806713(40,34)
(39,34)1003567557(39,35)
(40,34)889906914(41,34)
(40,34)1839873143(40,35)
(41,34)1818745025(42,34)
(41,34)499853782(41,35)
(42,34)257973574(43,34)
(42,34)382869222(42,35)
(43,34)310520860(44,34)
(43,34)1491363026(43,35)
(44,34)1692660907(45,34)
(44,34)1073888737(44,35)
(45,34)1276615093(46,34)
(45,34)1180174635(45,35)
(46,34)313353437(47,34)
(46,34)1476282890(46,35)
(47,34)1630383918(48,34)
(47,34)1813373946(47,35)
(48,34)957950040(49,34)
(48,34)1372813647(48,35)
(49,34)1051566103(49,35)
(0,35)1973741741(1,35)
(0,35)245672518(0,36)
(1,35)589756688(2,35)
(1,35)121338806(1,36)
(2,35)1113825610(3,35)
(2,35)504220958(2,36)
(3,35)750124349(4,35)
(3,35)29322639(3,36)
(4,35)1948784368(5,35)
(4,35)820735305(4,36)
(5,35)525058370(6,35)
(5,35)1753691907(5,36)
(6,35)496115173(7,35)
(6,35)1641173863(6,36)
(7,35)1312435240(8,35)
(7,35)1024912152(7,36)
(8,35)1282885726(9,35)
(8,35)878984395(8,36)
(9,35)1189505255(10,35)
(9,35)656314618(9,36)
(10,35)201491877(11,35)
(10,35)209290816(10,36)
(11,35)1485905909(12,35)
(11,35)222196242(11,36)
(12,35)535549679(13,35)
(12,35)1677774768(12,36)
(13,35)1160675038(14,35)
(13,35)1151796207(13,36)
(14,35)2109746248(15,35)
(14,35)1908363327(14,36)
(15,35)6552197(16,35)
(15,35)64757493(15,36)
(16,35)186096299(17,35)
(16,35)1936004341(16,36)
(17,35)292741652(18,35)
(17,35)596308886(17,36)
(18,35)625631525(19,35)
(18,35)1299921909(18,36)
(19,35)2120657214(20,35)
(19,35)1042866001(19,36)
(20,35)649074260(21,35)
(20,35)426932245(20,36)
(21,35)2068106108(22,35)
(21,35)498231936(21,36)
(22,35)1523144088(23,35)
(22,35)1145189433(22,36)
(23,35)2024173828(24,35)
(23,35)1233057701(23,36)
(24,35)1889372319(25,35)
(24,35)658546167(24,36)
(25,35)867836983(26,35)
(25,35)1066195435(25,36)
(26,35)1288391677(27,35)
(26,35)2090864197(26,36)
(27,35)1621155317(28,35)
(27,35)206259244(27,36)
(28,35)1358055452(29,35)
(28,35)1823941357(28,36)
(29,35)1584821036(30,35)
(29,35)634346707(29,36)
(30,35)699104200(31,35)
(30,35)1320318052(30,36)
(31,35)1108838745(32,35)
(31,35)1591373233(31,36)
(32,35)40198471(33,35)
(32,35)885200499(32,36)
(33,35)37638761(34,35)
(33,35)1401580397(33,36)
(34,35)296962751(35,35)
(34,35)665829997(34,36)
(35,35)1092762242(36,35)
(35,35)10812327(35,36)
(36,35)509044264(37,35)
(36,35)946037011(36,36)
(37,35)2091226445(38,35)
(37,35)1013384703(37,36)
(38,35)98958756(39,35)
(38,35)2032188352(38,36)
(39,35)543250871(40,35)
(39,35)1967916625(39,36)
(40,35)886628413(41,35)
(40,35)1988331075(40,36)
(41,35)1931711624(42,35)
(41,35)1411087854(41,36)
(42,35)1617347099(43,35)
(42,35)27536442(42,36)
(43,35)1851477799(44,35)
(43,35)1405383293(43,36)
(44,35)2039730000(45,35)
(44,35)827918903(44,36)
(45,35)753307(46,35)
(45,35)1288815187(45,36)
(46,35)732704773(47,35)
(46,35)591350552(46,36)
(47,35)1476551052(48,35)
(47,35)1109592052(47,36)
(48,35)363688802(49,35)
(48,35)772903244(48,36)
(49,35)1514189813(49,36)
(0,36)1438733241(1,36)
(1,36)660651553(2,36)
(2,36)1525002140(3,36)
(3,36)384011836(4,36)
(4,36)1606688564(5,36)
(5,36)2034046404(6,36)
(6,36)1397396539(7,36)
(7,36)1550431361(8,36)
(8,36)1918751109(9,36)
(9,36)1496355295(10,36)
(10,36)1370864339(11,36)
(11,36)314518332(12,36)
(12,36)1337202722(13,36)
(13,36)110009104(14,36)
(14,36)1725606187(15,36)
(15,36)1121430699(16,36)
(16,36)137545546(17,36)
(17,36)1195469638(18,36)
(18,36)379330344(19,36)
(19,36)1989023346(20,36)
(20,36)2023388541(21,36)
(21,36)271576697(22,36)
(22,36)1130354885(23,36)
(23,36)2024141848(24,36)
(24,36)862927249(25,36)
(25,36)1863059658(26,36)
(26,36)986250252(27,36)
(27,36)191994653(28,36)
(28,36)488479255(29,36)
(29,36)1349939054(30,36)
(30,36)1706184466(31,36)
(31,36)1927212496(32,36)
(32,36)2010590607(33,36)
(33,36)1083702959(34,36)
(34,36)163740684(35,36)
(35,36)1469795524(36,36)
(36,36)970265715(37,36)
(37,36)1561137223(38,36)
(38,36)872743237(39,36)
(39,36)741533176(40,36)
(40,36)910008870(41,36)
(41,36)96123928(42,36)
(42,36)1056051509(43,36)
(43,36)99727945(44,36)
(44,36)206133032(45,36)
(45,36)634174048(46,36)
(46,36)1221158644(47,36)
(47,36)343678579(48,36)
(48,36)1829643686(49,36)
