30 37
(0,0)611911301(1,0)
(0,0)677741240(0,1)
(1,0)1039653884(2,0)
(1,0)516687479(1,1)
(2,0)115325623(3,0)
(2,0)807009856(2,1)
(3,0)2083069270(4,0)
(3,0)1224653905(3,1)
(4,0)922406371(5,0)
(4,0)1106860981(4,1)
(5,0)322411828(6,0)
(5,0)876420180(5,1)
(6,0)1356425747(7,0)
(6,0)1259609597(6,1)
(7,0)883344301(8,0)
(7,0)1318253490(7,1)
(8,0)1871801538(9,0)
(8,0)229978180(8,1)
(9,0)1334753943(10,0)
(9,0)567764310(9,1)
(10,0)768869741(11,0)
(10,0)1440409294(10,1)
(11,0)1147132415(12,0)
(11,0)447440212(11,1)
(12,0)1813670413(13,0)
(12,0)825732306(12,1)
(13,0)991129617(14,0)
(13,0)1897413451(13,1)
(14,0)1658754524(15,0)
(14,0)1396963907(14,1)
(15,0)2074705148(16,0)
(15,0)1065898046(15,1)
(16,0)1582585525(17,0)
(16,0)123182177(16,1)
(17,0)930192033(18,0)
(17,0)966875384(17,1)
(18,0)44045642(19,0)
(18,0)1697911148(18,1)
(19,0)657288481(20,0)
(19,0)865777656(19,1)
(20,0)1742197836(21,0)
(20,0)966452013(20,1)
(21,0)78577962(22,0)
(21,0)979700309(21,1)
(22,0)150470151(23,0)
(22,0)951139936(22,1)
(23,0)1181118116(24,0)
(23,0)961922264(23,1)
(24,0)1529686574(25,0)
(24,0)2022271690(24,1)
(25,0)1315197336(26,0)
(25,0)368388411(25,1)
(26,0)815828623(27,0)
(26,0)151072667(26,1)
(27,0)976804973(28,0)
(27,0)314846104(27,1)
(28,0)64775907(29,0)
(28,0)482015388(28,1)
(29,0)1967934590(29,1)
(0,1)1723530431(1,1)
(0,1)1878979296(0,2)
(1,1)1806200796(2,1)
(1,1)886348988(1,2)
(2,1)321450865(3,1)
(2,1)1846712609(2,2)
(3,1)629420994(4,1)
(3,1)625592532(3,2)
(4,1)669638174(5,1)
(4,1)2019362013(4,2)
(5,1)529166846(6,1)
(5,1)1495198650(5,2)
(6,1)1089912839(7,1)
(6,1)1636090187(6,2)
(7,1)1714668150(8,1)
(7,1)1508867155(7,2)
(8,1)1659337307(9,1)
(8,1)2041052775(8,2)
(9,1)1074687243(10,1)
(9,1)529106766(9,2)
(10,1)2058793340(11,1)
(10,1)1534125349(10,2)
(11,1)701839037(12,1)
(11,1)1443075654(11,2)
(12,1)111420630(13,1)
(12,1)62382359(12,2)
(13,1)1039187332(14,1)
(13,1)1016685141(13,2)
(14,1)1081461048(15,1)
(14,1)593436018(14,2)
(15,1)324931666(16,1)
(15,1)859638275(15,2)
(16,1)1745987263(17,1)
(16,1)657507832(16,2)
(17,1)356736793(18,1)
(17,1)2131132462(17,2)
(18,1)609241347(19,1)
(18,1)2067438129(18,2)
(19,1)1939316494(20,1)
(19,1)986157787(19,2)
(20,1)333872790(21,1)
(20,1)1278879521(20,2)
(21,1)767486061(22,1)
(21,1)320999693(21,2)
(22,1)1829866848(23,1)
(22,1)1423785629(22,2)
(23,1)1317354756(24,1)
(23,1)334670563(23,2)
(24,1)863777329(25,1)
(24,1)1341720507(24,2)
(25,1)728362208(26,1)
(25,1)244558351(25,2)
(26,1)1687634005(27,1)
(26,1)775087021(26,2)
(27,1)837469380(28,1)
(27,1)1430201246(27,2)
(28,1)299402739(29,1)
(28,1)1799054635(28,2)
(29,1)1876656712(29,2)
(0,2)1380863788(1,2)
(0,2)245007006(0,3)
(1,2)569938672(2,2)
(1,2)588811339(1,3)
(2,2)187314955(3,2)
(2,2)2038371620(2,3)
(3,2)247624765(4,2)
(3,2)553587487(3,3)
(4,2)1162828834(5,2)
(4,2)107269436(4,3)
(5,2)2046585930(6,2)
(5,2)1233782552(5,3)
(6,2)1567655342(7,2)
(6,2)294224707(6,3)
(7,2)1061710768(8,2)
(7,2)220101975(7,3)
(8,2)2049968824(9,2)
(8,2)843957323(8,3)
(9,2)13828431(10,2)
(9,2)1396381331(9,3)
(10,2)112675012(11,2)
(10,2)1244205683(10,3)
(11,2)1972567892(12,2)
(11,2)258386782(11,3)
(12,2)1946020788(13,2)
(12,2)887762033(12,3)
(13,2)1725231413(14,2)
(13,2)1255285490(13,3)
(14,2)1554688229(15,2)
(14,2)1597591775(14,3)
(15,2)1842598781(16,2)
(15,2)1454404478(15,3)
(16,2)2043215817(17,2)
(16,2)788068369(16,3)
(17,2)678956341(18,2)
(17,2)265053806(17,3)
(18,2)818641293(19,2)
(18,2)83047124(18,3)
(19,2)190316560(20,2)
(19,2)926581106(19,3)
(20,2)12880011(21,2)
(20,2)1981470127(20,3)
(21,2)128211186(22,2)
(21,2)89418843(21,3)
(22,2)309520818(23,2)
(22,2)1580535353(22,3)
(23,2)277009029(24,2)
(23,2)1189921955(23,3)
(24,2)438819638(25,2)
(24,2)212005994(24,3)
(25,2)1456211678(26,2)
(25,2)290837460(25,3)
(26,2)549224243(27,2)
(26,2)551494651(26,3)
(27,2)1439256684(28,2)
(27,2)1281295922(27,3)
(28,2)389097764(29,2)
(28,2)347761383(28,3)
(29,2)1017004450(29,3)
(0,3)1943785993(1,3)
(0,3)1945353158(0,4)
(1,3)1640468292(2,3)
(1,3)323925280(1,4)
(2,3)219657449(3,3)
(2,3)584370715(2,4)
(3,3)1263327056(4,3)
(3,3)1905522098(3,4)
(4,3)576679743(5,3)
(4,3)302704574(4,4)
(5,3)493021134(6,3)
(5,3)42424515(5,4)
(6,3)55304526(7,3)
(6,3)410666222(6,4)
(7,3)538877408(8,3)
(7,3)582439977(7,4)
(8,3)891960796(9,3)
(8,3)1635839879(8,4)
(9,3)1912848908(10,3)
(9,3)1728799363(9,4)
(10,3)20135354(11,3)
(10,3)1103966790(10,4)
(11,3)412694820(12,3)
(11,3)56202721(11,4)
(12,3)605426964(13,3)
(12,3)571630005(12,4)
(13,3)2010886689(14,3)
(13,3)1693990742(13,4)
(14,3)2083088506(15,3)
(14,3)953188347(14,4)
(15,3)751057857(16,3)
(15,3)880407491(15,4)
(16,3)1204332771(17,3)
(16,3)1879390852(16,4)
(17,3)316277919(18,3)
(17,3)244042501(17,4)
(18,3)2080951(19,3)
(18,3)1423990221(18,4)
(19,3)1726694795(20,3)
(19,3)1579604975(19,4)
(20,3)1622029490(21,3)
(20,3)578760694(20,4)
(21,3)989426916(22,3)
(21,3)72232281(21,4)
(22,3)654672259(23,3)
(22,3)1677334016(22,4)
(23,3)1165690248(24,3)
(23,3)1528304325(23,4)
(24,3)1109620040(25,3)
(24,3)1546633055(24,4)
(25,3)503116197(26,3)
(25,3)931055508(25,4)
(26,3)987258229(27,3)
(26,3)1129755394(26,4)
(27,3)1701385399(28,3)
(27,3)915811018(27,4)
(28,3)462318112(29,3)
(28,3)1592685193(28,4)
(29,3)1564788441(29,4)
(0,4)397922971(1,4)
(0,4)398389892(0,5)
(1,4)1149447750(2,4)
(1,4)297712284(1,5)
(2,4)1502045056(3,4)
(2,4)129830175(2,5)
(3,4)446108094(4,4)
(3,4)1393490251(3,5)
(4,4)1395571203(5,4)
(4,4)778551629(4,5)
(5,4)357762776(6,4)
(5,4)2025713069(5,5)
(6,4)1500258912(7,4)
(6,4)1974331897(6,5)
(7,4)816275166(8,4)
(7,4)429995057(7,5)
(8,4)1084667316(9,4)
(8,4)1030109280(8,5)
(9,4)48315880(10,4)
(9,4)197095843(9,5)
(10,4)1306715883(11,4)
(10,4)483816723(10,5)
(11,4)986932921(12,4)
(11,4)979371389(11,5)
(12,4)1966629618(13,4)
(12,4)288987630(12,5)
(13,4)1990373029(14,4)
(13,4)1902743939(13,5)
(14,4)217578403(15,4)
(14,4)1411831164(14,5)
(15,4)1810221056(16,4)
(15,4)1407677822(15,5)
(16,4)1705390107(17,4)
(16,4)615501374(16,5)
(17,4)745331549(18,4)
(17,4)812185158(17,5)
(18,4)58191762(19,4)
(18,4)1059951515(18,5)
(19,4)1838503144(20,4)
(19,4)1191439643(19,5)
(20,4)1069669065(21,4)
(20,4)1453762965(20,5)
(21,4)1280611214(22,4)
(21,4)48782272(21,5)
(22,4)478777329(23,4)
(22,4)422444329(22,5)
(23,4)1452553609(24,4)
(23,4)2096886380(23,5)
(24,4)146498575(25,4)
(24,4)1563444646(24,5)
(25,4)2047261369(26,4)
(25,4)1500869490(25,5)
(26,4)332757231(27,4)
(26,4)1453214459(26,5)
(27,4)1742202089(28,4)
(27,4)886710642(27,5)
(28,4)641970933(29,4)
(28,4)151903201(28,5)
(29,4)1585091470(29,5)
(0,5)859549337(1,5)
(0,5)1563734365(0,6)
(1,5)1226471774(2,5)
(1,5)845285645(1,6)
(2,5)403192104(3,5)
(2,5)1475050711(2,6)
(3,5)72898613(4,5)
(3,5)2038656932(3,6)
(4,5)2096848694(5,5)
(4,5)1463143619(4,6)
(5,5)1154163115(6,5)
(5,5)1264338256(5,6)
(6,5)186523673(7,5)
(6,5)1403128011(6,6)
(7,5)536255578(8,5)
(7,5)1202945387(7,6)
(8,5)1681722716(9,5)
(8,5)608968002(8,6)
(9,5)2061521612(10,5)
(9,5)485658310(9,6)
(10,5)632156886(11,5)
(10,5)1097683714(10,6)
(11,5)997461436(12,5)
(11,5)1414907454(11,6)
(12,5)1747664685(13,5)
(12,5)2085371345(12,6)
(13,5)1680089786(14,5)
(13,5)1884172078(13,6)
(14,5)378659364(15,5)
(14,5)1899567886(14,6)
(15,5)1315818604(16,5)
(15,5)1117697608(15,6)
(16,5)1962983253(17,5)
(16,5)1238208701(16,6)
(17,5)565775764(18,5)
(17,5)394806730(17,6)
(18,5)285980014(19,5)
(18,5)218691709(18,6)
(19,5)1681835328(20,5)
(19,5)638674377(19,6)
(20,5)1903012634(21,5)
(20,5)235345061(20,6)
(21,5)1638473072(22,5)
(21,5)688514795(21,6)
(22,5)1891460182(23,5)
(22,5)2089536307(22,6)
(23,5)551020662(24,5)
(23,5)27245002(23,6)
(24,5)512903313(25,5)
(24,5)1425699251(24,6)
(25,5)375899317(26,5)
(25,5)465058626(25,6)
(26,5)1879966080(27,5)
(26,5)1145060199(26,6)
(27,5)1082947896(28,5)
(27,5)1373360753(27,6)
(28,5)1110049184(29,5)
(28,5)1480147117(28,6)
(29,5)615554034(29,6)
(0,6)1488708548(1,6)
(0,6)1232231355(0,7)
(1,6)400566311(2,6)
(1,6)1733251642(1,7)
(2,6)1548751248(3,6)
(2,6)579433601(2,7)
(3,6)1145209365(4,6)
(3,6)795373041(3,7)
(4,6)1081353056(5,6)
(4,6)1767442957(4,7)
(5,6)1301794638(6,6)
(5,6)1783883743(5,7)
(6,6)1539412729(7,6)
(6,6)1316698117(6,7)
(7,6)807687541(8,6)
(7,6)1990309433(7,7)
(8,6)1734285968(9,6)
(8,6)1481465388(8,7)
(9,6)2032486050(10,6)
(9,6)834932544(9,7)
(10,6)1347835857(11,6)
(10,6)1012501571(10,7)
(11,6)1388400888(12,6)
(11,6)350061028(11,7)
(12,6)82543460(13,6)
(12,6)345412408(12,7)
(13,6)1428360304(14,6)
(13,6)614277994(13,7)
(14,6)1724327178(15,6)
(14,6)1562690577(14,7)
(15,6)647438285(16,6)
(15,6)2043914338(15,7)
(16,6)1629682332(17,6)
(16,6)1065552078(16,7)
(17,6)1644985679(18,6)
(17,6)1048004596(17,7)
(18,6)1843377638(19,6)
(18,6)1030949932(18,7)
(19,6)650909242(20,6)
(19,6)642711396(19,7)
(20,6)279111491(21,6)
(20,6)777247046(20,7)
(21,6)2093945163(22,6)
(21,6)1952703880(21,7)
(22,6)1795529665(23,6)
(22,6)1818524220(22,7)
(23,6)1152505961(24,6)
(23,6)754149056(23,7)
(24,6)1589081600(25,6)
(24,6)1382331985(24,7)
(25,6)247349908(26,6)
(25,6)1037508363(25,7)
(26,6)1387569392(27,6)
(26,6)789433809(26,7)
(27,6)1134846217(28,6)
(27,6)1635750797(27,7)
(28,6)102545143(29,6)
(28,6)1470112852(28,7)
(29,6)415722873(29,7)
(0,7)1826872321(1,7)
(0,7)885319782(0,8)
(1,7)1532758067(2,7)
(1,7)312153563(1,8)
(2,7)1941835896(3,7)
(2,7)744940751(2,8)
(3,7)242442782(4,7)
(3,7)433279015(3,8)
(4,7)129173005(5,7)
(4,7)825302180(4,8)
(5,7)1476211422(6,7)
(5,7)885154178(5,8)
(6,7)1164265670(7,7)
(6,7)906420051(6,8)
(7,7)852881566(8,7)
(7,7)1281431654(7,8)
(8,7)929477672(9,7)
(8,7)835306242(8,8)
(9,7)1987812203(10,7)
(9,7)1607030623(9,8)
(10,7)1048628575(11,7)
(10,7)164326009(10,8)
(11,7)411675918(12,7)
(11,7)877836919(11,8)
(12,7)117922663(13,7)
(12,7)1838062385(12,8)
(13,7)825424954(14,7)
(13,7)2047426715(13,8)
(14,7)2488210(15,7)
(14,7)1588035515(14,8)
(15,7)325871649(16,7)
(15,7)1241147828(15,8)
(16,7)1553301391(17,7)
(16,7)1829360531(16,8)
(17,7)426817634(18,7)
(17,7)1858629716(17,8)
(18,7)144425084(19,7)
(18,7)1347653639(18,8)
(19,7)25472172(20,7)
(19,7)669260416(19,8)
(20,7)1554414594(21,7)
(20,7)273598089(20,8)
(21,7)1180018141(22,7)
(21,7)1501683594(21,8)
(22,7)635631601(23,7)
(22,7)571196616(22,8)
(23,7)1406502859(24,7)
(23,7)2032899707(23,8)
(24,7)1492446682(25,7)
(24,7)1565109273(24,8)
(25,7)1729435282(26,7)
(25,7)1246831414(25,8)
(26,7)2124668333(27,7)
(26,7)393591610(26,8)
(27,7)84170347(28,7)
(27,7)2141111200(27,8)
(28,7)2041054267(29,7)
(28,7)95107348(28,8)
(29,7)909595301(29,8)
(0,8)2043542477(1,8)
(0,8)1683142864(0,9)
(1,8)2009014513(2,8)
(1,8)3259481(1,9)
(2,8)1556560873(3,8)
(2,8)1725419360(2,9)
(3,8)4753346(4,8)
(3,8)1720160582(3,9)
(4,8)1864585666(5,8)
(4,8)756730864(4,9)
(5,8)782203036(6,8)
(5,8)674013762(5,9)
(6,8)80944709(7,8)
(6,8)2138183755(6,9)
(7,8)1170718248(8,8)
(7,8)136402983(7,9)
(8,8)772034584(9,8)
(8,8)652141325(8,9)
(9,8)2058644184(10,8)
(9,8)1056134308(9,9)
(10,8)401097342(11,8)
(10,8)189660209(10,9)
(11,8)1919095491(12,8)
(11,8)1157991951(11,9)
(12,8)1135176636(13,8)
(12,8)794688952(12,9)
(13,8)878859299(14,8)
(13,8)1912723044(13,9)
(14,8)1806293663(15,8)
(14,8)1230283985(14,9)
(15,8)765943201(16,8)
(15,8)1788454601(15,9)
(16,8)1791714082(17,8)
(16,8)1702352493(16,9)
(17,8)1280288205(18,8)
(17,8)627474066(17,9)
(18,8)200151000(19,8)
(18,8)1200791307(18,9)
(19,8)1957522172(20,8)
(19,8)1285041552(19,9)
(20,8)1959055314(21,8)
(20,8)2064736666(20,9)
(21,8)2055436774(22,8)
(21,8)592241560(21,9)
(22,8)728644543(23,8)
(22,8)2040000023(22,9)
(23,8)544657701(24,8)
(23,8)1078671374(23,9)
(24,8)2134805682(25,8)
(24,8)1500679127(24,9)
(25,8)1690339336(26,8)
(25,8)455818237(25,9)
(26,8)1613810188(27,8)
(26,8)388419377(26,9)
(27,8)1183108329(28,8)
(27,8)1461951180(27,9)
(28,8)1227190576(29,8)
(28,8)601503177(28,9)
(29,8)2061967629(29,9)
(0,9)886000591(1,9)
(0,9)1831787162(0,10)
(1,9)450246715(2,9)
(1,9)1702938582(1,10)
(2,9)1347169016(3,9)
(2,9)440869436(2,10)
(3,9)1721157642(4,9)
(3,9)1077720781(3,10)
(4,9)1277871782(5,9)
(4,9)400476676(4,10)
(5,9)210515200(6,9)
(5,9)858715546(5,10)
(6,9)670287212(7,9)
(6,9)1195124800(6,10)
(7,9)1103077926(8,9)
(7,9)802756760(7,10)
(8,9)1531401304(9,9)
(8,9)562803588(8,10)
(9,9)1107461289(10,9)
(9,9)34265653(9,10)
(10,9)21587687(11,9)
(10,9)884596783(10,10)
(11,9)427452472(12,9)
(11,9)1563279526(11,10)
(12,9)1029606067(13,9)
(12,9)410007064(12,10)
(13,9)1593115394(14,9)
(13,9)1889403652(13,10)
(14,9)969110580(15,9)
(14,9)1631109244(14,10)
(15,9)1315412758(16,9)
(15,9)1507599375(15,10)
(16,9)1063054309(17,9)
(16,9)1855111171(16,10)
(17,9)148496960(18,9)
(17,9)1765659473(17,10)
(18,9)695896606(19,9)
(18,9)262739677(18,10)
(19,9)663216353(20,9)
(19,9)1869654602(19,10)
(20,9)580886500(21,9)
(20,9)1973768388(20,10)
(21,9)1021409541(22,9)
(21,9)873731553(21,10)
(22,9)1676488314(23,9)
(22,9)1251173712(22,10)
(23,9)1813977300(24,9)
(23,9)2124487467(23,10)
(24,9)11269472(25,9)
(24,9)1060405970(24,10)
(25,9)1945002753(26,9)
(25,9)773954941(25,10)
(26,9)189750820(27,9)
(26,9)32857160(26,10)
(27,9)442864224(28,9)
(27,9)224971577(27,10)
(28,9)2114375229(29,9)
(28,9)1219356887(28,10)
(29,9)2035979618(29,10)
(0,10)936002161(1,10)
(0,10)702982483(0,11)
(1,10)2018395241(2,10)
(1,10)1396095345(1,11)
(2,10)311666006(3,10)
(2,10)643629685(2,11)
(3,10)792126645(4,10)
(3,10)1636571066(3,11)
(4,10)184984024(5,10)
(4,10)574405684(4,11)
(5,10)1237622037(6,10)
(5,10)514297599(5,11)
(6,10)1095184099(7,10)
(6,10)11268765(6,11)
(7,10)1032678306(8,10)
(7,10)2111353591(7,11)
(8,10)1640358257(9,10)
(8,10)198874163(8,11)
(9,10)2012851464(10,10)
(9,10)1009682125(9,11)
(10,10)1020951598(11,10)
(10,10)553280579(10,11)
(11,10)350799684(12,10)
(11,10)639322757(11,11)
(12,10)829073577(13,10)
(12,10)1053808758(12,11)
(13,10)1496672982(14,10)
(13,10)575771262(13,11)
(14,10)542662843(15,10)
(14,10)2048430464(14,11)
(15,10)603929299(16,10)
(15,10)1385168953(15,11)
(16,10)633780650(17,10)
(16,10)1478665005(16,11)
(17,10)2122294690(18,10)
(17,10)474840892(17,11)
(18,10)2111411958(19,10)
(18,10)945446657(18,11)
(19,10)1519852341(20,10)
(19,10)766937687(19,11)
(20,10)1281235286(21,10)
(20,10)148912335(20,11)
(21,10)160181100(22,10)
(21,10)609990730(21,11)
(22,10)573860673(23,10)
(22,10)228935737(22,11)
(23,10)427809900(24,10)
(23,10)1192859406(23,11)
(24,10)55057883(25,10)
(24,10)66735282(24,11)
(25,10)620015861(26,10)
(25,10)293177716(25,11)
(26,10)932500474(27,10)
(26,10)1076009481(26,11)
(27,10)2129818239(28,10)
(27,10)970815546(27,11)
(28,10)1546586808(29,10)
(28,10)1761574051(28,11)
(29,10)1479007574(29,11)
(0,11)2089249651(1,11)
(0,11)1662520868(0,12)
(1,11)118966519(2,11)
(1,11)716692879(1,12)
(2,11)1350473529(3,11)
(2,11)1420431008(2,12)
(3,11)1395242050(4,11)
(3,11)593807412(3,12)
(4,11)557735722(5,11)
(4,11)148436538(4,12)
(5,11)1668288879(6,11)
(5,11)14696089(5,12)
(6,11)1295931375(7,11)
(6,11)706648057(6,12)
(7,11)866829157(8,11)
(7,11)130795962(7,12)
(8,11)704656635(9,11)
(8,11)1524867112(8,12)
(9,11)1952677013(10,11)
(9,11)2059688563(9,12)
(10,11)2114746447(11,11)
(10,11)771391918(10,12)
(11,11)1391407779(12,11)
(11,11)98371081(11,12)
(12,11)1030871555(13,11)
(12,11)1043272280(12,12)
(13,11)1025606872(14,11)
(13,11)214739677(13,12)
(14,11)1761326485(15,11)
(14,11)644961959(14,12)
(15,11)159999179(16,11)
(15,11)357130798(15,12)
(16,11)1073823677(17,11)
(16,11)1703092489(16,12)
(17,11)976039849(18,11)
(17,11)278965698(17,12)
(18,11)872773110(19,11)
(18,11)276813558(18,12)
(19,11)425250097(20,11)
(19,11)223798252(19,12)
(20,11)238494341(21,11)
(20,11)1430508833(20,12)
(21,11)2137156890(22,11)
(21,11)2093538976(21,12)
(22,11)76851290(23,11)
(22,11)1534425717(22,12)
(23,11)911809181(24,11)
(23,11)856502400(23,12)
(24,11)768707315(25,11)
(24,11)781507926(24,12)
(25,11)1552899844(26,11)
(25,11)717002546(25,12)
(26,11)815373628(27,11)
(26,11)735970114(26,12)
(27,11)1779242395(28,11)
(27,11)796823975(27,12)
(28,11)1011563653(29,11)
(28,11)1846245183(28,12)
(29,11)657365619(29,12)
(0,12)625406490(1,12)
(0,12)343723494(0,13)
(1,12)503722673(2,12)
(1,12)1014496417(1,13)
(2,12)2088320094(3,12)
(2,12)181015331(2,13)
(3,12)1157055181(4,12)
(3,12)782688372(3,13)
(4,12)1655461482(5,12)
(4,12)217650004(4,13)
(5,12)642900101(6,12)
(5,12)1380853433(5,13)
(6,12)1619347774(7,12)
(6,12)938486667(6,13)
(7,12)928159910(8,12)
(7,12)588955430(7,13)
(8,12)665806720(9,12)
(8,12)1006289843(8,13)
(9,12)1918099025(10,12)
(9,12)1784662310(9,13)
(10,12)405885977(11,12)
(10,12)1447314646(10,13)
(11,12)852730842(12,12)
(11,12)487617923(11,13)
(12,12)1302991551(13,12)
(12,12)1141856092(12,13)
(13,12)773614839(14,12)
(13,12)1649554818(13,13)
(14,12)513634823(15,12)
(14,12)1001753087(14,13)
(15,12)1345476581(16,12)
(15,12)1430980458(15,13)
(16,12)297993227(17,12)
(16,12)1139041313(16,13)
(17,12)1320056645(18,12)
(17,12)1849199255(17,13)
(18,12)484403979(19,12)
(18,12)238829673(18,13)
(19,12)456479677(20,12)
(19,12)329628178(19,13)
(20,12)1710481611(21,12)
(20,12)2139865461(20,13)
(21,12)930868481(22,12)
(21,12)1099379779(21,13)
(22,12)1688335209(23,12)
(22,12)1182345737(22,13)
(23,12)41151933(24,12)
(23,12)1859028391(23,13)
(24,12)1496207053(25,12)
(24,12)206658281(24,13)
(25,12)1653972928(26,12)
(25,12)1959250958(25,13)
(26,12)299385233(27,12)
(26,12)1902093030(26,13)
(27,12)896465474(28,12)
(27,12)359220122(27,13)
(28,12)2008774940(29,12)
(28,12)1602376785(28,13)
(29,12)1670080313(29,13)
(0,13)374926115(1,13)
(0,13)456646224(0,14)
(1,13)1802122805(2,13)
(1,13)953577123(1,14)
(2,13)1251570350(3,13)
(2,13)1513967429(2,14)
(3,13)686540426(4,13)
(3,13)1503838412(3,14)
(4,13)1988242391(5,13)
(4,13)1490400023(4,14)
(5,13)1946879701(6,13)
(5,13)1016168604(5,14)
(6,13)579166567(7,13)
(6,13)1980624205(6,14)
(7,13)764009038(8,13)
(7,13)898775832(7,14)
(8,13)439627393(9,13)
(8,13)1761512304(8,14)
(9,13)1802664237(10,13)
(9,13)475553781(9,14)
(10,13)1971760834(11,13)
(10,13)646285674(10,14)
(11,13)152774954(12,13)
(11,13)1614431547(11,14)
(12,13)1913816781(13,13)
(12,13)1726370216(12,14)
(13,13)475352043(14,13)
(13,13)511995077(13,14)
(14,13)373286369(15,13)
(14,13)1368709918(14,14)
(15,13)1825356142(16,13)
(15,13)2145432356(15,14)
(16,13)951525832(17,13)
(16,13)748212485(16,14)
(17,13)114696266(18,13)
(17,13)1479995299(17,14)
(18,13)836350064(19,13)
(18,13)55612534(18,14)
(19,13)1546012558(20,13)
(19,13)801236692(19,14)
(20,13)1817405296(21,13)
(20,13)677108807(20,14)
(21,13)510249364(22,13)
(21,13)1345408611(21,14)
(22,13)96700795(23,13)
(22,13)249088215(22,14)
(23,13)2010600519(24,13)
(23,13)1274258402(23,14)
(24,13)1749812183(25,13)
(24,13)536328188(24,14)
(25,13)1182613862(26,13)
(25,13)1665781109(25,14)
(26,13)1132729008(27,13)
(26,13)1574089369(26,14)
(27,13)1152975938(28,13)
(27,13)1335388817(27,14)
(28,13)1847383894(29,13)
(28,13)899062141(28,14)
(29,13)1628327981(29,14)
(0,14)73186615(1,14)
(0,14)120288411(0,15)
(1,14)1945644553(2,14)
(1,14)1626276689(1,15)
(2,14)430318873(3,14)
(2,14)821399100(2,15)
(3,14)936095366(4,14)
(3,14)1278156205(3,15)
(4,14)2114506269(5,14)
(4,14)485931408(4,15)
(5,14)2031943966(6,14)
(5,14)1737332058(5,15)
(6,14)1407253706(7,14)
(6,14)644131428(6,15)
(7,14)1154380793(8,14)
(7,14)1229868929(7,15)
(8,14)1326569724(9,14)
(8,14)1656341921(8,15)
(9,14)1519458793(10,14)
(9,14)281155547(9,15)
(10,14)2030967731(11,14)
(10,14)1862897912(10,15)
(11,14)898028126(12,14)
(11,14)1037756254(11,15)
(12,14)23001614(13,14)
(12,14)1457573452(12,15)
(13,14)463065742(14,14)
(13,14)85933295(13,15)
(14,14)1933317189(15,14)
(14,14)922063756(14,15)
(15,14)1042352167(16,14)
(15,14)2091393723(15,15)
(16,14)1570186765(17,14)
(16,14)2006503805(16,15)
(17,14)680419257(18,14)
(17,14)840513073(17,15)
(18,14)2118669278(19,14)
(18,14)2000505638(18,15)
(19,14)338953398(20,14)
(19,14)1616514624(19,15)
(20,14)1206363034(21,14)
(20,14)2085691899(20,15)
(21,14)582339679(22,14)
(21,14)223413716(21,15)
(22,14)1453282645(23,14)
(22,14)466133093(22,15)
(23,14)2122475014(24,14)
(23,14)1736720472(23,15)
(24,14)2017876020(25,14)
(24,14)632368721(24,15)
(25,14)347782985(26,14)
(25,14)1494450159(25,15)
(26,14)384722765(27,14)
(26,14)1901360103(26,15)
(27,14)1211449907(28,14)
(27,14)1245811112(27,15)
(28,14)1331744407(29,14)
(28,14)407724380(28,15)
(29,14)1674515650(29,15)
(0,15)1117577949(1,15)
(0,15)1329788136(0,16)
(1,15)224656655(2,15)
(1,15)1618425725(1,16)
(2,15)1041128842(3,15)
(2,15)976598106(2,16)
(3,15)1657017363(4,15)
(3,15)1065169728(3,16)
(4,15)1036355358(5,15)
(4,15)894150833(4,16)
(5,15)1233104231(6,15)
(5,15)1126048339(5,16)
(6,15)184927726(7,15)
(6,15)974563609(6,16)
(7,15)1556903289(8,15)
(7,15)1456517948(7,16)
(8,15)762316945(9,15)
(8,15)651060819(8,16)
(9,15)626052185(10,15)
(9,15)1146140113(9,16)
(10,15)1016532485(11,15)
(10,15)1394685667(10,16)
(11,15)1742468652(12,15)
(11,15)2120502345(11,16)
(12,15)357741462(13,15)
(12,15)770408940(12,16)
(13,15)1981858848(14,15)
(13,15)840796116(13,16)
(14,15)25056876(15,15)
(14,15)765465842(14,16)
(15,15)2095253978(16,15)
(15,15)1508890850(15,16)
(16,15)979832927(17,15)
(16,15)1142634825(16,16)
(17,15)2119232931(18,15)
(17,15)172426986(17,16)
(18,15)1237596714(19,15)
(18,15)2020961770(18,16)
(19,15)767628955(20,15)
(19,15)1628766646(19,16)
(20,15)607331338(21,15)
(20,15)126468425(20,16)
(21,15)1101032034(22,15)
(21,15)2000733186(21,16)
(22,15)1309767486(23,15)
(22,15)792259064(22,16)
(23,15)1443319883(24,15)
(23,15)510451675(23,16)
(24,15)1656591789(25,15)
(24,15)2072084432(24,16)
(25,15)1319286451(26,15)
(25,15)2069372068(25,16)
(26,15)2042390765(27,15)
(26,15)525640626(26,16)
(27,15)1296049567(28,15)
(27,15)914271455(27,16)
(28,15)1755067572(29,15)
(28,15)252648580(28,16)
(29,15)1130424767(29,16)
(0,16)1780124448(1,16)
(0,16)1018114422(0,17)
(1,16)965884753(2,16)
(1,16)491831969(1,17)
(2,16)1471664896(3,16)
(2,16)775275625(2,17)
(3,16)747024908(4,16)
(3,16)1138311739(3,17)
(4,16)228424805(5,16)
(4,16)1345143018(4,17)
(5,16)2112771973(6,16)
(5,16)228307906(5,17)
(6,16)835639244(7,16)
(6,16)354893230(6,17)
(7,16)1455925265(8,16)
(7,16)1966021512(7,17)
(8,16)1128305350(9,16)
(8,16)1627898308(8,17)
(9,16)923734543(10,16)
(9,16)1966376940(9,17)
(10,16)1475485081(11,16)
(10,16)1052906134(10,17)
(11,16)224708937(12,16)
(11,16)845622964(11,17)
(12,16)740530081(13,16)
(12,16)2001125708(12,17)
(13,16)1149691627(14,16)
(13,16)1138980393(13,17)
(14,16)746564317(15,16)
(14,16)993178661(14,17)
(15,16)2011293084(16,16)
(15,16)132632746(15,17)
(16,16)624464715(17,16)
(16,16)379205117(16,17)
(17,16)1154480742(18,16)
(17,16)829694189(17,17)
(18,16)1968005928(19,16)
(18,16)2096129611(18,17)
(19,16)1293788982(20,16)
(19,16)1901505650(19,17)
(20,16)2129813556(21,16)
(20,16)48947085(20,17)
(21,16)403840316(22,16)
(21,16)1259077307(21,17)
(22,16)1077615171(23,16)
(22,16)817969153(22,17)
(23,16)298383813(24,16)
(23,16)1859765581(23,17)
(24,16)1678658873(25,16)
(24,16)58436874(24,17)
(25,16)1111343008(26,16)
(25,16)1222118357(25,17)
(26,16)2067741321(27,16)
(26,16)1006660307(26,17)
(27,16)860302367(28,16)
(27,16)1336051946(27,17)
(28,16)327548691(29,16)
(28,16)660787754(28,17)
(29,16)2009993994(29,17)
(0,17)1074113008(1,17)
(0,17)1653966416(0,18)
(1,17)1517775852(2,17)
(1,17)2142626740(1,18)
(2,17)619607807(3,17)
(2,17)1453318125(2,18)
(3,17)460315219(4,17)
(3,17)199986393(3,18)
(4,17)20508673(5,17)
(4,17)568253770(4,18)
(5,17)1862042752(6,17)
(5,17)214337221(5,18)
(6,17)196667129(7,17)
(6,17)69455758(6,18)
(7,17)473296074(8,17)
(7,17)973636412(7,18)
(8,17)2051251583(9,17)
(8,17)1014636282(8,18)
(9,17)1313020096(10,17)
(9,17)185578007(9,18)
(10,17)1864236881(11,17)
(10,17)2109688457(10,18)
(11,17)1073547818(12,17)
(11,17)387654805(11,18)
(12,17)307912478(13,17)
(12,17)723413540(12,18)
(13,17)1583715907(14,17)
(13,17)262116116(13,18)
(14,17)589664807(15,17)
(14,17)968700232(14,18)
(15,17)475183000(16,17)
(15,17)1446226253(15,18)
(16,17)1441369345(17,17)
(16,17)1663777815(16,18)
(17,17)969612292(18,17)
(17,17)1992958852(17,18)
(18,17)45461597(19,17)
(18,17)2060977152(18,18)
(19,17)481747274(20,17)
(19,17)1429927511(19,18)
(20,17)1644264732(21,17)
(20,17)65970270(20,18)
(21,17)135426029(22,17)
(21,17)196306379(21,18)
(22,17)1169942791(23,17)
(22,17)1840931861(22,18)
(23,17)708084496(24,17)
(23,17)608722103(23,18)
(24,17)794300111(25,17)
(24,17)1073710726(24,18)
(25,17)1035915536(26,17)
(25,17)2021104592(25,18)
(26,17)261275749(27,17)
(26,17)511053344(26,18)
(27,17)1234466884(28,17)
(27,17)2109463354(27,18)
(28,17)224095822(29,17)
(28,17)569188227(28,18)
(29,17)670699143(29,18)
(0,18)813760629(1,18)
(0,18)1537888459(0,19)
(1,18)2013071460(2,18)
(1,18)2116925396(1,19)
(2,18)1410811093(3,18)
(2,18)330054796(2,19)
(3,18)1299667088(4,18)
(3,18)1858546664(3,19)
(4,18)1904008262(5,18)
(4,18)1324304597(4,19)
(5,18)1806051871(6,18)
(5,18)582110951(5,19)
(6,18)78892035(7,18)
(6,18)1969978532(6,19)
(7,18)2105404561(8,18)
(7,18)2002358250(7,19)
(8,18)1024817393(9,18)
(8,18)1919823896(8,19)
(9,18)480424744(10,18)
(9,18)566643017(9,19)
(10,18)1360943128(11,18)
(10,18)2098528120(10,19)
(11,18)986960008(12,18)
(11,18)354045688(11,19)
(12,18)615321437(13,18)
(12,18)1871996472(12,19)
(13,18)958979708(14,18)
(13,18)948939714(13,19)
(14,18)1173035536(15,18)
(14,18)1184509664(14,19)
(15,18)574914476(16,18)
(15,18)1629678851(15,19)
(16,18)1599120599(17,18)
(16,18)1986796165(16,19)
(17,18)169367313(18,18)
(17,18)440502288(17,19)
(18,18)151565304(19,18)
(18,18)862448044(18,19)
(19,18)39268993(20,18)
(19,18)1469034401(19,19)
(20,18)2051145352(21,18)
(20,18)2055573566(20,19)
(21,18)1878068451(22,18)
(21,18)1845320864(21,19)
(22,18)1700195467(23,18)
(22,18)2130037387(22,19)
(23,18)1902377635(24,18)
(23,18)1835989364(23,19)
(24,18)255148733(25,18)
(24,18)577529212(24,19)
(25,18)528573684(26,18)
(25,18)235318732(25,19)
(26,18)589364420(27,18)
(26,18)1616091861(26,19)
(27,18)1340604685(28,18)
(27,18)1515533692(27,19)
(28,18)316989758(29,18)
(28,18)1204685858(28,19)
(29,18)152100745(29,19)
(0,19)1490025294(1,19)
(0,19)241711874(0,20)
(1,19)816626350(2,19)
(1,19)1781779596(1,20)
(2,19)1233416547(3,19)
(2,19)1329337811(2,20)
(3,19)1498705124(4,19)
(3,19)1257128638(3,20)
(4,19)1408693943(5,19)
(4,19)2095864591(4,20)
(5,19)2135133584(6,19)
(5,19)820255877(5,20)
(6,19)723917581(7,19)
(6,19)1316783861(6,20)
(7,19)1047368664(8,19)
(7,19)1832970801(7,20)
(8,19)1385682620(9,19)
(8,19)706471320(8,20)
(9,19)461365308(10,19)
(9,19)735874381(9,20)
(10,19)991023114(11,19)
(10,19)1963211832(10,20)
(11,19)344301869(12,19)
(11,19)696684040(11,20)
(12,19)1286048460(13,19)
(12,19)459631328(12,20)
(13,19)1800236013(14,19)
(13,19)1859835561(13,20)
(14,19)29341672(15,19)
(14,19)343250670(14,20)
(15,19)584962545(16,19)
(15,19)1952336759(15,20)
(16,19)1586632707(17,19)
(16,19)1519366966(16,20)
(17,19)701221130(18,19)
(17,19)1401588895(17,20)
(18,19)511233886(19,19)
(18,19)672565607(18,20)
(19,19)620946550(20,19)
(19,19)52442606(19,20)
(20,19)872698484(21,19)
(20,19)1919927829(20,20)
(21,19)1089228042(22,19)
(21,19)608596487(21,20)
(22,19)294083640(23,19)
(22,19)1596616065(22,20)
(23,19)155603738(24,19)
(23,19)2136596707(23,20)
(24,19)724987440(25,19)
(24,19)1679766260(24,20)
(25,19)1495494444(26,19)
(25,19)616969046(25,20)
(26,19)1313653086(27,19)
(26,19)1716010554(26,20)
(27,19)28158234(28,19)
(27,19)1839796313(27,20)
(28,19)1552148227(29,19)
(28,19)452217898(28,20)
(29,19)1828394248(29,20)
(0,20)1581489899(1,20)
(0,20)795468569(0,21)
(1,20)1380431114(2,20)
(1,20)1633247359(1,21)
(2,20)1072396418(3,20)
(2,20)953373217(2,21)
(3,20)1654594347(4,20)
(3,20)634536361(3,21)
(4,20)1145770247(5,20)
(4,20)1744962025(4,21)
(5,20)218424928(6,20)
(5,20)1707036954(5,21)
(6,20)432251790(7,20)
(6,20)918214428(6,21)
(7,20)2007442471(8,20)
(7,20)827021415(7,21)
(8,20)1121105055(9,20)
(8,20)2028867855(8,21)
(9,20)36987945(10,20)
(9,20)1996555530(9,21)
(10,20)574059322(11,20)
(10,20)653387667(10,21)
(11,20)1398463(12,20)
(11,20)653956991(11,21)
(12,20)1967610077(13,20)
(12,20)142586228(12,21)
(13,20)170744463(14,20)
(13,20)1841194777(13,21)
(14,20)1245859356(15,20)
(14,20)272344328(14,21)
(15,20)1067812897(16,20)
(15,20)1999138711(15,21)
(16,20)1484902422(17,20)
(16,20)679865607(16,21)
(17,20)1633238824(18,20)
(17,20)300760363(17,21)
(18,20)935296724(19,20)
(18,20)409815192(18,21)
(19,20)7293570(20,20)
(19,20)1140349524(19,21)
(20,20)699902830(21,20)
(20,20)2081066972(20,21)
(21,20)851797752(22,20)
(21,20)225718498(21,21)
(22,20)1052739913(23,20)
(22,20)1132154620(22,21)
(23,20)1013538827(24,20)
(23,20)711756575(23,21)
(24,20)560828457(25,20)
(24,20)26361320(24,21)
(25,20)679748987(26,20)
(25,20)1050526773(25,21)
(26,20)1704483764(27,20)
(26,20)1134887779(26,21)
(27,20)1277474008(28,20)
(27,20)681147450(27,21)
(28,20)374858579(29,20)
(28,20)1524610194(28,21)
(29,20)1448218471(29,21)
(0,21)1620717935(1,21)
(0,21)1796954522(0,22)
(1,21)717283771(2,21)
(1,21)1299873534(1,22)
(2,21)637292308(3,21)
(2,21)153099894(2,22)
(3,21)1786338719(4,21)
(3,21)1018044134(3,22)
(4,21)1953340858(5,21)
(4,21)1047107500(4,22)
(5,21)1054401070(6,21)
(5,21)779204595(5,22)
(6,21)1479107425(7,21)
(6,21)1886924182(6,22)
(7,21)591238287(8,21)
(7,21)1280119568(7,22)
(8,21)185375833(9,21)
(8,21)463778397(8,22)
(9,21)1477317224(10,21)
(9,21)1302994862(9,22)
(10,21)1863823320(11,21)
(10,21)211737153(10,22)
(11,21)891486140(12,21)
(11,21)380360349(11,22)
(12,21)2084844114(13,21)
(12,21)851227451(12,22)
(13,21)2128701459(14,21)
(13,21)1572633591(13,22)
(14,21)1947492170(15,21)
(14,21)1461970660(14,22)
(15,21)1111441534(16,21)
(15,21)1429436282(15,22)
(16,21)581826168(17,21)
(16,21)1420726458(16,22)
(17,21)1573826352(18,21)
(17,21)1828725305(17,22)
(18,21)699285791(19,21)
(18,21)1219118476(18,22)
(19,21)118742329(20,21)
(19,21)1212681423(19,22)
(20,21)1991886018(21,21)
(20,21)505143001(20,22)
(21,21)244583536(22,21)
(21,21)1173143399(21,22)
(22,21)305779320(23,21)
(22,21)1323509795(22,22)
(23,21)1787288192(24,21)
(23,21)835821823(23,22)
(24,21)2138816685(25,21)
(24,21)491155153(24,22)
(25,21)702892307(26,21)
(25,21)1117121769(25,22)
(26,21)1497482118(27,21)
(26,21)1855156357(26,22)
(27,21)558900161(28,21)
(27,21)1594378447(27,22)
(28,21)1019528390(29,21)
(28,21)1434842584(28,22)
(29,21)540117972(29,22)
(0,22)819536913(1,22)
(0,22)749329596(0,23)
(1,22)1860771130(2,22)
(1,22)1969554255(1,23)
(2,22)403896775(3,22)
(2,22)92779723(2,23)
(3,22)1666606075(4,22)
(3,22)1542012787(3,23)
(4,22)93814930(5,22)
(4,22)1623015252(4,23)
(5,22)1741757581(6,22)
(5,22)731803851(5,23)
(6,22)576206221(7,22)
(6,22)598957932(6,23)
(7,22)843541468(8,22)
(7,22)767417332(7,23)
(8,22)1073196652(9,22)
(8,22)1899716017(8,23)
(9,22)1539520561(10,22)
(9,22)1679363291(9,23)
(10,22)1670696328(11,22)
(10,22)1564351806(10,23)
(11,22)119760465(12,22)
(11,22)509158682(11,23)
(12,22)2006640801(13,22)
(12,22)1378369038(12,23)
(13,22)1937269199(14,22)
(13,22)1714138912(13,23)
(14,22)586183655(15,22)
(14,22)1293999737(14,23)
(15,22)2043329334(16,22)
(15,22)329903523(15,23)
(16,22)151974130(17,22)
(16,22)1405720568(16,23)
(17,22)1498500291(18,22)
(17,22)1756616816(17,23)
(18,22)1151145956(19,22)
(18,22)555870906(18,23)
(19,22)31402510(20,22)
(19,22)1017622718(19,23)
(20,22)1749426569(21,22)
(20,22)1244960886(20,23)
(21,22)1843918818(22,22)
(21,22)1773160091(21,23)
(22,22)393093775(23,22)
(22,22)178149143(22,23)
(23,22)2077865160(24,22)
(23,22)539976638(23,23)
(24,22)71856281(25,22)
(24,22)1466290428(24,23)
(25,22)883158586(26,22)
(25,22)1469902073(25,23)
(26,22)1979060756(27,22)
(26,22)1742552610(26,23)
(27,22)973438000(28,22)
(27,22)1002919051(27,23)
(28,22)569574315(29,22)
(28,22)1838217909(28,23)
(29,22)763223551(29,23)
(0,23)1155757970(1,23)
(0,23)984733998(0,24)
(1,23)880579684(2,23)
(1,23)1093127074(1,24)
(2,23)1245101205(3,23)
(2,23)413994890(2,24)
(3,23)1912495181(4,23)
(3,23)489712853(3,24)
(4,23)1640858809(5,23)
(4,23)1800972111(4,24)
(5,23)1832374621(6,23)
(5,23)782634252(5,24)
(6,23)384577173(7,23)
(6,23)738336047(6,24)
(7,23)434771218(8,23)
(7,23)1458051064(7,24)
(8,23)1851144839(9,23)
(8,23)562726316(8,24)
(9,23)493107828(10,23)
(9,23)974747856(9,24)
(10,23)1046604138(11,23)
(10,23)1169951619(10,24)
(11,23)2053110205(12,23)
(11,23)1963009902(11,24)
(12,23)1794587010(13,23)
(12,23)641673100(12,24)
(13,23)1615111100(14,23)
(13,23)908545608(13,24)
(14,23)1478119924(15,23)
(14,23)1485321271(14,24)
(15,23)322571621(16,23)
(15,23)230851003(15,24)
(16,23)1323978077(17,23)
(16,23)486394246(16,24)
(17,23)900389137(18,23)
(17,23)1203151306(17,24)
(18,23)1692864159(19,23)
(18,23)421595634(18,24)
(19,23)75084097(20,23)
(19,23)665400670(19,24)
(20,23)1448034922(21,23)
(20,23)1186239320(20,24)
(21,23)1924575367(22,23)
(21,23)1907458718(21,24)
(22,23)1218026134(23,23)
(22,23)1832612096(22,24)
(23,23)247854764(24,23)
(23,23)211862937(23,24)
(24,23)1186610794(25,23)
(24,23)921687326(24,24)
(25,23)2091638945(26,23)
(25,23)740962593(25,24)
(26,23)556488847(27,23)
(26,23)85731284(26,24)
(27,23)727404384(28,23)
(27,23)1997265503(27,24)
(28,23)758327463(29,23)
(28,23)203592209(28,24)
(29,23)195031836(29,24)
(0,24)88963739(1,24)
(0,24)1688913480(0,25)
(1,24)2011485101(2,24)
(1,24)425882839(1,25)
(2,24)1749860916(3,24)
(2,24)575357986(2,25)
(3,24)1475747123(4,24)
(3,24)1067152759(3,25)
(4,24)612533270(5,24)
(4,24)23972903(4,25)
(5,24)99057000(6,24)
(5,24)2141147793(5,25)
(6,24)1441699068(7,24)
(6,24)1798772590(6,25)
(7,24)1575864310(8,24)
(7,24)2006515719(7,25)
(8,24)1077058205(9,24)
(8,24)1126827516(8,25)
(9,24)1374682280(10,24)
(9,24)1787727247(9,25)
(10,24)826854393(11,24)
(10,24)1998745531(10,25)
(11,24)1942900829(12,24)
(11,24)2115644873(11,25)
(12,24)524650072(13,24)
(12,24)912585677(12,25)
(13,24)1639990061(14,24)
(13,24)1792682684(13,25)
(14,24)403526499(15,24)
(14,24)728242281(14,25)
(15,24)269672113(16,24)
(15,24)1835021897(15,25)
(16,24)113421088(17,24)
(16,24)492490239(16,25)
(17,24)1067848225(18,24)
(17,24)133673567(17,25)
(18,24)1200826326(19,24)
(18,24)1863282005(18,25)
(19,24)1887254908(20,24)
(19,24)396111700(19,25)
(20,24)389775845(21,24)
(20,24)1813359597(20,25)
(21,24)1464648539(22,24)
(21,24)1986311908(21,25)
(22,24)1845343979(23,24)
(22,24)1831474913(22,25)
(23,24)810818781(24,24)
(23,24)893029201(23,25)
(24,24)533272801(25,24)
(24,24)774918537(24,25)
(25,24)626180420(26,24)
(25,24)38017414(25,25)
(26,24)6178639(27,24)
(26,24)1360127194(26,25)
(27,24)125229224(28,24)
(27,24)421597601(27,25)
(28,24)66796637(29,24)
(28,24)530828712(28,25)
(29,24)1765219285(29,25)
(0,25)470323137(1,25)
(0,25)1259070993(0,26)
(1,25)1528743107(2,25)
(1,25)1452757535(1,26)
(2,25)1566178623(3,25)
(2,25)962813376(2,26)
(3,25)2030661601(4,25)
(3,25)1662416674(3,26)
(4,25)715759352(5,25)
(4,25)1281976980(4,26)
(5,25)1021748240(6,25)
(5,25)279289653(5,26)
(6,25)669065498(7,25)
(6,25)381635301(6,26)
(7,25)1846283841(8,25)
(7,25)860576501(7,26)
(8,25)558436832(9,25)
(8,25)353056764(8,26)
(9,25)1163875545(10,25)
(9,25)591829394(9,26)
(10,25)1125102195(11,25)
(10,25)1333355369(10,26)
(11,25)1959535790(12,25)
(11,25)1201892959(11,26)
(12,25)1208071599(13,25)
(12,25)337745742(12,26)
(13,25)462974966(14,25)
(13,25)233649743(13,26)
(14,25)300446381(15,25)
(14,25)1738900311(14,26)
(15,25)850487656(16,25)
(15,25)80710603(15,26)
(16,25)1533468138(17,25)
(16,25)770769518(16,26)
(17,25)1733582894(18,25)
(17,25)231747115(17,26)
(18,25)1894163789(19,25)
(18,25)952163114(18,26)
(19,25)86656446(20,25)
(19,25)1616760847(19,26)
(20,25)1896050500(21,25)
(20,25)462439494(20,26)
(21,25)844074795(22,25)
(21,25)1108404687(21,26)
(22,25)1968981188(23,25)
(22,25)417632350(22,26)
(23,25)770689114(24,25)
(23,25)542874988(23,26)
(24,25)1134704383(25,25)
(24,25)379934372(24,26)
(25,25)1713289742(26,25)
(25,25)1934564660(25,26)
(26,25)988973971(27,25)
(26,25)112322930(26,26)
(27,25)450068672(28,25)
(27,25)1525341884(27,26)
(28,25)1758991627(29,25)
(28,25)49561922(28,26)
(29,25)913043638(29,26)
(0,26)2059438008(1,26)
(0,26)1788462233(0,27)
(1,26)491466242(2,26)
(1,26)993754242(1,27)
(2,26)379738732(3,26)
(2,26)682723878(2,27)
(3,26)268823124(4,26)
(3,26)723213357(3,27)
(4,26)469893499(5,26)
(4,26)1331901846(4,27)
(5,26)1418558293(6,26)
(5,26)1885583971(5,27)
(6,26)1634150823(7,26)
(6,26)932332993(6,27)
(7,26)1776407788(8,26)
(7,26)379479332(7,27)
(8,26)200976872(9,26)
(8,26)2051783174(8,27)
(9,26)674988640(10,26)
(9,26)171799129(9,27)
(10,26)1306503512(11,26)
(10,26)580911244(10,27)
(11,26)146717338(12,26)
(11,26)462069652(11,27)
(12,26)1451043624(13,26)
(12,26)1418826442(12,27)
(13,26)1868895115(14,26)
(13,26)1672059222(13,27)
(14,26)1283567202(15,26)
(14,26)1500605546(14,27)
(15,26)1141584132(16,26)
(15,26)634455105(15,27)
(16,26)1628209347(17,26)
(16,26)1195521562(16,27)
(17,26)1878245441(18,26)
(17,26)1633050374(17,27)
(18,26)208780083(19,26)
(18,26)2007948080(18,27)
(19,26)1192366278(20,26)
(19,26)2147068565(19,27)
(20,26)1885168889(21,26)
(20,26)678673582(20,27)
(21,26)1611006575(22,26)
(21,26)463440923(21,27)
(22,26)842920255(23,26)
(22,26)1371836064(22,27)
(23,26)1276135590(24,26)
(23,26)1239930716(23,27)
(24,26)1411729845(25,26)
(24,26)1043897127(24,27)
(25,26)1624808372(26,26)
(25,26)1951124231(25,27)
(26,26)265710235(27,26)
(26,26)570749709(26,27)
(27,26)1989576151(28,26)
(27,26)1771525710(27,27)
(28,26)1296101285(29,26)
(28,26)1716753859(28,27)
(29,26)1710987618(29,27)
(0,27)432184839(1,27)
(0,27)1069875758(0,28)
(1,27)63976242(2,27)
(1,27)197959076(1,28)
(2,27)1826168423(3,27)
(2,27)1627706401(2,28)
(3,27)1358468194(4,27)
(3,27)1697026616(3,28)
(4,27)1905806699(5,27)
(4,27)1686632855(4,28)
(5,27)731515486(6,27)
(5,27)1358053112(5,28)
(6,27)1095738353(7,27)
(6,27)436996634(6,28)
(7,27)2048003209(8,27)
(7,27)1194956409(7,28)
(8,27)2037876665(9,27)
(8,27)320090769(8,28)
(9,27)1596226360(10,27)
(9,27)1140450277(9,28)
(10,27)404696474(11,27)
(10,27)934290144(10,28)
(11,27)411614868(12,27)
(11,27)1399866943(11,28)
(12,27)1665577178(13,27)
(12,27)975446183(12,28)
(13,27)817538687(14,27)
(13,27)35656931(13,28)
(14,27)1331758216(15,27)
(14,27)1234847390(14,28)
(15,27)157239500(16,27)
(15,27)381042657(15,28)
(16,27)579001733(17,27)
(16,27)1763943055(16,28)
(17,27)1244165808(18,27)
(17,27)221215742(17,28)
(18,27)1918242358(19,27)
(18,27)257686509(18,28)
(19,27)1944319364(20,27)
(19,27)455150355(19,28)
(20,27)1813203467(21,27)
(20,27)1676565409(20,28)
(21,27)2113562043(22,27)
(21,27)528351202(21,28)
(22,27)1723307612(23,27)
(22,27)761458172(22,28)
(23,27)1081548941(24,27)
(23,27)2014081605(23,28)
(24,27)1007048234(25,27)
(24,27)1613700629(24,28)
(25,27)400507125(26,27)
(25,27)530291653(25,28)
(26,27)1930158596(27,27)
(26,27)1411744709(26,28)
(27,27)239707244(28,27)
(27,27)812121994(27,28)
(28,27)847778925(29,27)
(28,27)1448252127(28,28)
(29,27)1057245931(29,28)
(0,28)32053493(1,28)
(0,28)535615869(0,29)
(1,28)692855369(2,28)
(1,28)1438288589(1,29)
(2,28)2017290322(3,28)
(2,28)1795996548(2,29)
(3,28)892678708(4,28)
(3,28)914071111(3,29)
(4,28)684829821(5,28)
(4,28)127493183(4,29)
(5,28)2071812548(6,28)
(5,28)1347829063(5,29)
(6,28)1013548882(7,28)
(6,28)213911582(6,29)
(7,28)179989978(8,28)
(7,28)452680102(7,29)
(8,28)28504066(9,28)
(8,28)1775007054(8,29)
(9,28)709072348(10,28)
(9,28)46587935(9,29)
(10,28)1053636169(11,28)
(10,28)1642204695(10,29)
(11,28)2042711821(12,28)
(11,28)1239364001(11,29)
(12,28)1022038950(13,28)
(12,28)317897230(12,29)
(13,28)557604475(14,28)
(13,28)707350167(13,29)
(14,28)1555129092(15,28)
(14,28)322807429(14,29)
(15,28)858423298(16,28)
(15,28)1614850406(15,29)
(16,28)905655347(17,28)
(16,28)1587182585(16,29)
(17,28)1235695485(18,28)
(17,28)1551278667(17,29)
(18,28)317866130(19,28)
(18,28)775462022(18,29)
(19,28)902955205(20,28)
(19,28)2128374193(19,29)
(20,28)1328719609(21,28)
(20,28)1002695951(20,29)
(21,28)1216607533(22,28)
(21,28)827284105(21,29)
(22,28)1279964208(23,28)
(22,28)194784843(22,29)
(23,28)1969791898(24,28)
(23,28)1396597511(23,29)
(24,28)1443185446(25,28)
(24,28)1308468274(24,29)
(25,28)803189322(26,28)
(25,28)531380598(25,29)
(26,28)1770744599(27,28)
(26,28)349337968(26,29)
(27,28)667235198(28,28)
(27,28)698417495(27,29)
(28,28)1405767662(29,28)
(28,28)645299901(28,29)
(29,28)1224839673(29,29)
(0,29)813413106(1,29)
(0,29)968107330(0,30)
(1,29)1826530628(2,29)
(1,29)692206432(1,30)
(2,29)1597861779(3,29)
(2,29)253112043(2,30)
(3,29)1488807528(4,29)
(3,29)1230325647(3,30)
(4,29)1548191777(5,29)
(4,29)225840153(4,30)
(5,29)1128795359(6,29)
(5,29)1469698073(5,30)
(6,29)650934034(7,29)
(6,29)403404080(6,30)
(7,29)1620011614(8,29)
(7,29)1956079464(7,30)
(8,29)1088560024(9,29)
(8,29)845718878(8,30)
(9,29)668027128(10,29)
(9,29)869125477(9,30)
(10,29)164827276(11,29)
(10,29)249544651(10,30)
(11,29)1052733973(12,29)
(11,29)1199407726(11,30)
(12,29)822668677(13,29)
(12,29)514165244(12,30)
(13,29)1181400442(14,29)
(13,29)1751151468(13,30)
(14,29)1009435482(15,29)
(14,29)1467968579(14,30)
(15,29)288592261(16,29)
(15,29)258756468(15,30)
(16,29)950962900(17,29)
(16,29)1822848588(16,30)
(17,29)2075960631(18,29)
(17,29)2115122890(17,30)
(18,29)1197964889(19,29)
(18,29)401341031(18,30)
(19,29)627181185(20,29)
(19,29)1417284511(19,30)
(20,29)739498936(21,29)
(20,29)598673019(20,30)
(21,29)1002077099(22,29)
(21,29)1755976544(21,30)
(22,29)1564572360(23,29)
(22,29)1390432971(22,30)
(23,29)88668201(24,29)
(23,29)474605065(23,30)
(24,29)1343730543(25,29)
(24,29)505648737(24,30)
(25,29)755193388(26,29)
(25,29)756695329(25,30)
(26,29)1956103055(27,29)
(26,29)1508557819(26,30)
(27,29)2022723063(28,29)
(27,29)1807927361(27,30)
(28,29)1411595181(29,29)
(28,29)631288084(28,30)
(29,29)1056639857(29,30)
(0,30)273547015(1,30)
(0,30)2099256663(0,31)
(1,30)240365277(2,30)
(1,30)1315396325(1,31)
(2,30)118875577(3,30)
(2,30)2096395603(2,31)
(3,30)2024872586(4,30)
(3,30)208004519(3,31)
(4,30)1405969408(5,30)
(4,30)520216609(4,31)
(5,30)1147397794(6,30)
(5,30)1294673449(5,31)
(6,30)2034172385(7,30)
(6,30)2004642427(6,31)
(7,30)859235879(8,30)
(7,30)755890690(7,31)
(8,30)172979402(9,30)
(8,30)1277121708(8,31)
(9,30)1365789909(10,30)
(9,30)1333840944(9,31)
(10,30)530087839(11,30)
(10,30)678628139(10,31)
(11,30)1433821527(12,30)
(11,30)2122485238(11,31)
(12,30)1931104645(13,30)
(12,30)2038645658(12,31)
(13,30)1913885073(14,30)
(13,30)1094265240(13,31)
(14,30)358376773(15,30)
(14,30)414909082(14,31)
(15,30)366682097(16,30)
(15,30)823041283(15,31)
(16,30)2138437608(17,30)
(16,30)631923788(16,31)
(17,30)580835743(18,30)
(17,30)607047374(17,31)
(18,30)815051893(19,30)
(18,30)109829538(18,31)
(19,30)630046147(20,30)
(19,30)458224681(19,31)
(20,30)1752898130(21,30)
(20,30)73537654(20,31)
(21,30)2078180081(22,30)
(21,30)1777443941(21,31)
(22,30)385850983(23,30)
(22,30)1639586868(22,31)
(23,30)769224928(24,30)
(23,30)789932312(23,31)
(24,30)2123773257(25,30)
(24,30)558830385(24,31)
(25,30)1237458525(26,30)
(25,30)2135014838(25,31)
(26,30)2110016428(27,30)
(26,30)506377448(26,31)
(27,30)397539459(28,30)
(27,30)523796404(27,31)
(28,30)1618061645(29,30)
(28,30)1893637426(28,31)
(29,30)163940884(29,31)
(0,31)1976438418(1,31)
(0,31)161062860(0,32)
(1,31)527744957(2,31)
(1,31)986982167(1,32)
(2,31)977936128(3,31)
(2,31)460878559(2,32)
(3,31)1041714302(4,31)
(3,31)1134792332(3,32)
(4,31)1949844225(5,31)
(4,31)1087765666(4,32)
(5,31)1717811813(6,31)
(5,31)1499938984(5,32)
(6,31)1105353466(7,31)
(6,31)2023381879(6,32)
(7,31)1954078313(8,31)
(7,31)1347772106(7,32)
(8,31)1733623089(9,31)
(8,31)597456686(8,32)
(9,31)1366681615(10,31)
(9,31)596526977(9,32)
(10,31)572816586(11,31)
(10,31)144969826(10,32)
(11,31)1382428351(12,31)
(11,31)1354212805(11,32)
(12,31)1316745585(13,31)
(12,31)1079194035(12,32)
(13,31)1476733494(14,31)
(13,31)1906224756(13,32)
(14,31)1376802753(15,31)
(14,31)1062899363(14,32)
(15,31)1223962223(16,31)
(15,31)1640674378(15,32)
(16,31)480172898(17,31)
(16,31)1205757523(16,32)
(17,31)1666636082(18,31)
(17,31)1751707181(17,32)
(18,31)739015865(19,31)
(18,31)1458109026(18,32)
(19,31)398391044(20,31)
(19,31)560866737(19,32)
(20,31)2060805721(21,31)
(20,31)541376442(20,32)
(21,31)417274674(22,31)
(21,31)2116202857(21,32)
(22,31)1316491315(23,31)
(22,31)1018675539(22,32)
(23,31)1616132226(24,31)
(23,31)223869339(23,32)
(24,31)820396316(25,31)
(24,31)902630756(24,32)
(25,31)1047600582(26,31)
(25,31)835330193(25,32)
(26,31)42059350(27,31)
(26,31)1393212903(26,32)
(27,31)324923290(28,31)
(27,31)282545286(27,32)
(28,31)41286394(29,31)
(28,31)1358804935(28,32)
(29,31)1801656784(29,32)
(0,32)1418089147(1,32)
(0,32)274220651(0,33)
(1,32)1498182874(2,32)
(1,32)1294847514(1,33)
(2,32)1775020412(3,32)
(2,32)476363022(2,33)
(3,32)2142999105(4,32)
(3,32)1102406407(3,33)
(4,32)1841422272(5,32)
(4,32)1085645790(4,33)
(5,32)1484036834(6,32)
(5,32)556382194(5,33)
(6,32)469704267(7,32)
(6,32)235315067(6,33)
(7,32)652589741(8,32)
(7,32)1452756043(7,33)
(8,32)621763710(9,32)
(8,32)1488379806(8,33)
(9,32)957028384(10,32)
(9,32)876459080(9,33)
(10,32)1696855396(11,32)
(10,32)1524394466(10,33)
(11,32)424511401(12,32)
(11,32)1792358577(11,33)
(12,32)1834417927(13,32)
(12,32)942584651(12,33)
(13,32)1267507941(14,32)
(13,32)707056687(13,33)
(14,32)748343081(15,32)
(14,32)1045739215(14,33)
(15,32)1319959866(16,32)
(15,32)921681077(15,33)
(16,32)69044944(17,32)
(16,32)18948580(16,33)
(17,32)495311602(18,32)
(17,32)670659092(17,33)
(18,32)1773065500(19,32)
(18,32)1844065356(18,33)
(19,32)782227499(20,32)
(19,32)490827059(19,33)
(20,32)1047209253(21,32)
(20,32)1467004124(20,33)
(21,32)1702319191(22,32)
(21,32)118780685(21,33)
(22,32)1571536729(23,32)
(22,32)1516913520(22,33)
(23,32)857809679(24,32)
(23,32)207425284(23,33)
(24,32)1083884364(25,32)
(24,32)45816791(24,33)
(25,32)1570211258(26,32)
(25,32)1814838063(25,33)
(26,32)1459712993(27,32)
(26,32)633256113(26,33)
(27,32)1575840764(28,32)
(27,32)1994722659(27,33)
(28,32)554295698(29,32)
(28,32)1146647272(28,33)
(29,32)695865058(29,33)
(0,33)1302638779(1,33)
(0,33)44902839(0,34)
(1,33)1364862705(2,33)
(1,33)1617546135(1,34)
(2,33)1686591079(3,33)
(2,33)1321587359(2,34)
(3,33)1816898961(4,33)
(3,33)2035521798(3,34)
(4,33)1661103650(5,33)
(4,33)1383172788(4,34)
(5,33)17916639(6,33)
(5,33)160242373(5,34)
(6,33)1207451626(7,33)
(6,33)980624126(6,34)
(7,33)535459670(8,33)
(7,33)136697324(7,34)
(8,33)1708234053(9,33)
(8,33)576881499(8,34)
(9,33)1434691178(10,33)
(9,33)742884954(9,34)
(10,33)1826769319(11,33)
(10,33)1754050845(10,34)
(11,33)1176778455(12,33)
(11,33)1102045593(11,34)
(12,33)414274938(13,33)
(12,33)312541784(12,34)
(13,33)1888382548(14,33)
(13,33)1024017466(13,34)
(14,33)1578313164(15,33)
(14,33)1560922211(14,34)
(15,33)1605825050(16,33)
(15,33)436763958(15,34)
(16,33)2054310094(17,33)
(16,33)733468295(16,34)
(17,33)2055055654(18,33)
(17,33)823204108(17,34)
(18,33)711242258(19,33)
(18,33)1593417525(18,34)
(19,33)829106665(20,33)
(19,33)1724470967(19,34)
(20,33)1884713340(21,33)
(20,33)224862260(20,34)
(21,33)1205486386(22,33)
(21,33)847023304(21,34)
(22,33)983720629(23,33)
(22,33)944681319(22,34)
(23,33)1521562818(24,33)
(23,33)1740946056(23,34)
(24,33)336347363(25,33)
(24,33)544471034(24,34)
(25,33)151038231(26,33)
(25,33)808770348(25,34)
(26,33)1910815941(27,33)
(26,33)15633034(26,34)
(27,33)328174818(28,33)
(27,33)1327816686(27,34)
(28,33)204350504(29,33)
(28,33)177607232(28,34)
(29,33)69073718(29,34)
(0,34)1782663668(1,34)
(0,34)1738529443(0,35)
(1,34)1196870845(2,34)
(1,34)505837677(1,35)
(2,34)412664123(3,34)
(2,34)368648315(2,35)
(3,34)276220321(4,34)
(3,34)2020074953(3,35)
(4,34)583833563(5,34)
(4,34)2006081648(4,35)
(5,34)687704666(6,34)
(5,34)2000691289(5,35)
(6,34)1737920981(7,34)
(6,34)808695823(6,35)
(7,34)2014182210(8,34)
(7,34)1534727970(7,35)
(8,34)370964951(9,34)
(8,34)535118652(8,35)
(9,34)2056681470(10,34)
(9,34)1607644618(9,35)
(10,34)1943991981(11,34)
(10,34)915435986(10,35)
(11,34)1066474217(12,34)
(11,34)717968170(11,35)
(12,34)481300464(13,34)
(12,34)1959625015(12,35)
(13,34)140316185(14,34)
(13,34)246807256(13,35)
(14,34)451157760(15,34)
(14,34)658907696(14,35)
(15,34)249953491(16,34)
(15,34)209389904(15,35)
(16,34)715227581(17,34)
(16,34)86337781(16,35)
(17,34)454986096(18,34)
(17,34)1446824336(17,35)
(18,34)1319415642(19,34)
(18,34)1127891704(18,35)
(19,34)986489704(20,34)
(19,34)731206418(19,35)
(20,34)584414059(21,34)
(20,34)1903249205(20,35)
(21,34)564461381(22,34)
(21,34)1674194370(21,35)
(22,34)1061438693(23,34)
(22,34)174851392(22,35)
(23,34)709970045(24,34)
(23,34)431159943(23,35)
(24,34)2038804561(25,34)
(24,34)1432403644(24,35)
(25,34)200355982(26,34)
(25,34)619167867(25,35)
(26,34)1337136038(27,34)
(26,34)1835312895(26,35)
(27,34)1647454262(28,34)
(27,34)1266830200(27,35)
(28,34)1513637456(29,34)
(28,34)1818436502(28,35)
(29,34)1787770448(29,35)
(0,35)1964795216(1,35)
(0,35)329860550(0,36)
(1,35)579814041(2,35)
(1,35)1997160352(1,36)
(2,35)564904285(3,35)
(2,35)2051132997(2,36)
(3,35)358635446(4,35)
(3,35)2026638377(3,36)
(4,35)1198570371(5,35)
(4,35)1692795989(4,36)
(5,35)531802045(6,35)
(5,35)1089841864(5,36)
(6,35)1674255923(7,35)
(6,35)954335929(6,36)
(7,35)1518797310(8,35)
(7,35)58512768(7,36)
(8,35)1119951461(9,35)
(8,35)1849107315(8,36)
(9,35)411593712(10,35)
(9,35)1949957253(9,36)
(10,35)1841278166(11,35)
(10,35)404871457(10,36)
(11,35)605227440(12,35)
(11,35)1030761580(11,36)
(12,35)220413970(13,35)
(12,35)1529107413(12,36)
(13,35)1029078028(14,35)
(13,35)1872057640(13,36)
(14,35)1238211448(15,35)
(14,35)2038850472(14,36)
(15,35)221227374(16,35)
(15,35)669364828(15,36)
(16,35)519041532(17,35)
(16,35)1055523016(16,36)
(17,35)959172366(18,35)
(17,35)801041415(17,36)
(18,35)680196144(19,35)
(18,35)1083945817(18,36)
(19,35)629258158(20,35)
(19,35)1317807812(19,36)
(20,35)260166028(21,35)
(20,35)1878766516(20,36)
(21,35)685618797(22,35)
(21,35)1161060203(21,36)
(22,35)1219572971(23,35)
(22,35)1934421951(22,36)
(23,35)1636045618(24,35)
(23,35)56932459(23,36)
(24,35)2006889712(25,35)
(24,35)192040784(24,36)
(25,35)596912242(26,35)
(25,35)2047639331(25,36)
(26,35)930917263(27,35)
(26,35)1700684230(26,36)
(27,35)1082307996(28,35)
(27,35)1202139682(27,36)
(28,35)926713674(29,35)
(28,35)1151331233(28,36)
(29,35)2111386024(29,36)
(0,36)1042698057(1,36)
(1,36)17441474(2,36)
(2,36)633267204(3,36)
(3,36)1263925431(4,36)
(4,36)1072964490(5,36)
(5,36)1152308736(6,36)
(6,36)2064966846(7,36)
(7,36)2032136856(8,36)
(8,36)88770905(9,36)
(9,36)597679342(10,36)
(10,36)1202461020(11,36)
(11,36)718029063(12,36)
(12,36)328962210(13,36)
(13,36)1462627048(14,36)
(14,36)1879089266(15,36)
(15,36)1014581007(16,36)
(16,36)1249565351(17,36)
(17,36)951178590(18,36)
(18,36)1071513466(19,36)
(19,36)738127322(20,36)
(20,36)1143219374(21,36)
(21,36)930919530(22,36)
(22,36)638283005(23,36)
(23,36)1740131616(24,36)
(24,36)484120113(25,36)
(25,36)1569200268(26,36)
(26,36)794787650(27,36)
(27,36)1566428109(28,36)
(28,36)573047853(29,36)
