30 30
(0,0)99788765(1,0)
(0,0)590011675(0,1)
(1,0)171864072(2,0)
(1,0)2131925610(1,1)
(2,0)171035632(3,0)
(2,0)317159276(2,1)
(3,0)963050649(4,0)
(3,0)602511920(3,1)
(4,0)1919854381(5,0)
(4,0)1069979073(4,1)
(5,0)589806848(6,0)
(5,0)33661026(5,1)
(6,0)475191198(7,0)
(6,0)2086105860(6,1)
(7,0)550050020(8,0)
(7,0)894416410(7,1)
(8,0)583787226(9,0)
(8,0)780437020(8,1)
(9,0)550277486(10,0)
(9,0)893281828(9,1)
(10,0)990569005(11,0)
(10,0)650366414(10,1)
(11,0)612872373(12,0)
(11,0)968873679(11,1)
(12,0)1764676460(13,0)
(12,0)163967331(12,1)
(13,0)841258873(14,0)
(13,0)2072834383(13,1)
(14,0)2082417967(15,0)
(14,0)802348052(14,1)
(15,0)1392359727(16,0)
(15,0)1025141346(15,1)
(16,0)1009583308(17,0)
(16,0)34723084(16,1)
(17,0)351882361(18,0)
(17,0)1564223799(17,1)
(18,0)19252071(19,0)
(18,0)1180618940(18,1)
(19,0)103114365(20,0)
(19,0)1314933010(19,1)
(20,0)1348594037(21,0)
(20,0)1939106453(20,1)
(21,0)1877728665(22,0)
(21,0)692921213(21,1)
(22,0)1587337623(23,0)
(22,0)1823785235(22,1)
(23,0)456738607(24,0)
(23,0)280295037(23,1)
(24,0)1173576865(25,0)
(24,0)23641201(24,1)
(25,0)674007615(26,0)
(25,0)1007016093(25,1)
(26,0)1975889773(27,0)
(26,0)16662222(26,1)
(27,0)180629553(28,0)
(27,0)1286879988(27,1)
(28,0)1212230723(29,0)
(28,0)1593082585(28,1)
(29,0)1021888427(29,1)
(0,1)1147165042(1,1)
(0,1)247946989(0,2)
(1,1)1640306716(2,1)
(1,1)2047029773(1,2)
(2,1)909129433(3,1)
(2,1)1181888127(2,2)
(3,1)1533770488(4,1)
(3,1)1057046868(3,2)
(4,1)1076298939(5,1)
(4,1)2089748373(4,2)
(5,1)45379090(6,1)
(5,1)701219850(5,2)
(6,1)2049813887(7,1)
(6,1)867921744(6,2)
(7,1)598166761(8,1)
(7,1)738300303(7,2)
(8,1)178154278(9,1)
(8,1)1726115474(8,2)
(9,1)35370433(10,1)
(9,1)878461798(9,2)
(10,1)2052038663(11,1)
(10,1)201795479(10,2)
(11,1)875803094(12,1)
(11,1)1042386527(11,2)
(12,1)870792652(13,1)
(12,1)2068700886(12,2)
(13,1)101846791(14,1)
(13,1)15199434(13,2)
(14,1)1227430158(15,1)
(14,1)316391589(14,2)
(15,1)564338578(16,1)
(15,1)1123735218(15,2)
(16,1)1023281343(17,1)
(16,1)227111552(16,2)
(17,1)1408999679(18,1)
(17,1)57161646(17,2)
(18,1)1114208514(19,1)
(18,1)1932410776(18,2)
(19,1)1874675501(20,1)
(19,1)795286519(19,2)
(20,1)1496506370(21,1)
(20,1)43023806(20,2)
(21,1)910945550(22,1)
(21,1)1920054591(21,2)
(22,1)510871246(23,1)
(22,1)1398836609(22,2)
(23,1)977468436(24,1)
(23,1)1509112312(23,2)
(24,1)240090462(25,1)
(24,1)689025524(24,2)
(25,1)890821003(26,1)
(25,1)1012838869(25,2)
(26,1)2055225396(27,1)
(26,1)144645478(26,2)
(27,1)65862716(28,1)
(27,1)1766624097(27,2)
(28,1)1781823532(29,1)
(28,1)778534400(28,2)
(29,1)167709507(29,2)
(0,2)861770042(1,2)
(0,2)1094925989(0,3)
(1,2)1659264567(2,2)
(1,2)1291444726(1,3)
(2,2)167242421(3,2)
(2,2)1088881594(2,3)
(3,2)350397626(4,2)
(3,2)1716426214(3,3)
(4,2)683151080(5,2)
(4,2)2099653198(4,3)
(5,2)1826845051(6,2)
(5,2)1145684145(5,3)
(6,2)494706867(7,2)
(6,2)726174886(6,3)
(7,2)1637120437(8,2)
(7,2)1599415995(7,3)
(8,2)2110287241(9,2)
(8,2)1893543477(8,3)
(9,2)723528265(10,2)
(9,2)998749101(9,3)
(10,2)1238839563(11,2)
(10,2)651829118(10,3)
(11,2)1542650121(12,2)
(11,2)1736367134(11,3)
(12,2)1644108883(13,2)
(12,2)1383485041(12,3)
(13,2)1449347757(14,2)
(13,2)1161790571(13,3)
(14,2)796130455(15,2)
(14,2)275159635(14,3)
(15,2)1370085625(16,2)
(15,2)1617057265(15,3)
(16,2)761018343(17,2)
(16,2)1657900497(16,3)
(17,2)599298443(18,2)
(17,2)881866544(17,3)
(18,2)450809110(19,2)
(18,2)928260764(18,3)
(19,2)880430314(20,2)
(19,2)949696069(19,3)
(20,2)2095380215(21,2)
(20,2)1133960191(20,3)
(21,2)1860135077(22,2)
(21,2)559791718(21,3)
(22,2)11724065(23,2)
(22,2)442603434(22,3)
(23,2)188663263(24,2)
(23,2)1349771866(23,3)
(24,2)201037319(25,2)
(24,2)2122011306(24,3)
(25,2)626356776(26,2)
(25,2)912191528(25,3)
(26,2)501075015(27,2)
(26,2)1439876883(26,3)
(27,2)675878276(28,2)
(27,2)21523250(27,3)
(28,2)1183313821(29,2)
(28,2)2145183898(28,3)
(29,2)2125226034(29,3)
(0,3)1979444276(1,3)
(0,3)272859885(0,4)
(1,3)1642945510(2,3)
(1,3)1594799651(1,4)
(2,3)208334346(3,3)
(2,3)1489861125(2,4)
(3,3)2089159568(4,3)
(3,3)377328407(3,4)
(4,3)828137517(5,3)
(4,3)1136595110(4,4)
(5,3)2017025425(6,3)
(5,3)891371990(5,4)
(6,3)839268557(7,3)
(6,3)1962097708(6,4)
(7,3)1674749138(8,3)
(7,3)429333495(7,4)
(8,3)441057560(9,3)
(8,3)1281871991(8,4)
(9,3)1470535255(10,3)
(9,3)877037356(9,4)
(10,3)1078074676(11,3)
(10,3)415585218(10,4)
(11,3)1041941995(12,3)
(11,3)235243135(11,4)
(12,3)736318150(13,3)
(12,3)370467911(12,4)
(13,3)1046346187(14,3)
(13,3)1063465245(13,4)
(14,3)99295418(15,3)
(14,3)734018400(14,4)
(15,3)1006878286(16,3)
(15,3)1024088573(15,4)
(16,3)471404576(17,3)
(16,3)2078739694(16,4)
(17,3)1421117171(18,3)
(17,3)502340148(17,4)
(18,3)879668555(19,3)
(18,3)679738922(18,4)
(19,3)1816334033(20,3)
(19,3)1362793091(19,4)
(20,3)106681433(21,3)
(20,3)1707806073(20,4)
(21,3)1522420133(22,3)
(21,3)1685875810(21,4)
(22,3)2115209305(23,3)
(22,3)945949990(22,4)
(23,3)80338334(24,3)
(23,3)1049685623(23,4)
(24,3)1926722980(25,3)
(24,3)408783217(24,4)
(25,3)824368435(26,3)
(25,3)1550873589(25,4)
(26,3)1786116724(27,3)
(26,3)857314008(26,4)
(27,3)1227781919(28,3)
(27,3)1866310430(27,4)
(28,3)782292027(29,3)
(28,3)374951227(28,4)
(29,3)126644458(29,4)
(0,4)881587445(1,4)
(0,4)1108969627(0,5)
(1,4)2115847913(2,4)
(1,4)1150733032(1,5)
(2,4)1622137608(3,4)
(2,4)812843491(2,5)
(3,4)86477014(4,4)
(3,4)470704414(3,5)
(4,4)1350372969(5,4)
(4,4)154392883(4,5)
(5,4)1970726916(6,4)
(5,4)1449270106(5,5)
(6,4)1555951539(7,4)
(6,4)910695394(6,5)
(7,4)285631880(8,4)
(7,4)1509119078(7,5)
(8,4)1476844735(9,4)
(8,4)354417882(8,5)
(9,4)434756216(10,4)
(9,4)1335317503(9,5)
(10,4)1114556835(11,4)
(10,4)1885627952(10,5)
(11,4)562512739(12,4)
(11,4)1985629805(11,5)
(12,4)1624262881(13,4)
(12,4)1971870843(12,5)
(13,4)1052169114(14,4)
(13,4)281339522(13,5)
(14,4)1063631549(15,4)
(14,4)1999214108(14,5)
(15,4)960700088(16,4)
(15,4)1178813573(15,5)
(16,4)182062957(17,4)
(16,4)1945218995(16,5)
(17,4)610578838(18,4)
(17,4)929064353(17,5)
(18,4)1399768767(19,4)
(18,4)1804200565(18,5)
(19,4)1958593448(20,4)
(19,4)697055853(19,5)
(20,4)2146325959(21,4)
(20,4)602658089(20,5)
(21,4)1513353483(22,4)
(21,4)1781836716(21,5)
(22,4)1143472146(23,4)
(22,4)1554793850(22,5)
(23,4)1909211732(24,4)
(23,4)1798985363(23,5)
(24,4)986819219(25,4)
(24,4)472833233(24,5)
(25,4)210977537(26,4)
(25,4)196484300(25,5)
(26,4)34630457(27,4)
(26,4)2101376054(26,5)
(27,4)1925763250(28,4)
(27,4)773490277(27,5)
(28,4)1054829799(29,4)
(28,4)1658893339(28,5)
(29,4)830448716(29,5)
(0,5)2118461348(1,5)
(0,5)1510623799(0,6)
(1,5)323840239(2,5)
(1,5)2009262289(1,6)
(2,5)43841598(3,5)
(2,5)1916196695(2,6)
(3,5)379291886(4,5)
(3,5)1252904593(3,6)
(4,5)505189712(5,5)
(4,5)1848042164(4,6)
(5,5)1659151964(6,5)
(5,5)1076347739(5,6)
(6,5)1075190050(7,5)
(6,5)1107847801(6,6)
(7,5)473717637(8,5)
(7,5)1293505033(7,6)
(8,5)289493531(9,5)
(8,5)482500252(8,6)
(9,5)244228337(10,5)
(9,5)125219352(9,6)
(10,5)1112038571(11,5)
(10,5)762326765(10,6)
(11,5)973304302(12,5)
(11,5)440712637(11,6)
(12,5)475343095(13,5)
(12,5)1065930978(12,6)
(13,5)844210580(14,5)
(13,5)1746794579(13,6)
(14,5)654140730(15,5)
(14,5)2134236434(14,6)
(15,5)1497376585(16,5)
(15,5)1674659296(15,6)
(16,5)1536437938(17,5)
(16,5)625118431(16,6)
(17,5)393831478(18,5)
(17,5)1821216825(17,6)
(18,5)926637770(19,5)
(18,5)1580279536(18,6)
(19,5)1280838052(20,5)
(19,5)773123364(19,6)
(20,5)1849471103(21,5)
(20,5)1431827482(20,6)
(21,5)392191636(22,5)
(21,5)792506369(21,6)
(22,5)2086011402(23,5)
(22,5)777177505(22,6)
(23,5)1259677758(24,5)
(23,5)865909273(23,6)
(24,5)991128625(25,5)
(24,5)228021285(24,6)
(25,5)990348050(26,5)
(25,5)1503906095(25,6)
(26,5)1944618732(27,5)
(26,5)2103167197(26,6)
(27,5)1021614527(28,5)
(27,5)1963652353(27,6)
(28,5)1562963284(29,5)
(28,5)272478179(28,6)
(29,5)1865825107(29,6)
(0,6)69620367(1,6)
(0,6)259230965(0,7)
(1,6)1756607551(2,6)
(1,6)1393000755(1,7)
(2,6)781955045(3,6)
(2,6)694738798(2,7)
(3,6)1088570276(4,6)
(3,6)1430340728(3,7)
(4,6)209494850(5,6)
(4,6)214750934(4,7)
(5,6)1495588986(6,6)
(5,6)1861693641(5,7)
(6,6)1563681096(7,6)
(6,6)1641322332(6,7)
(7,6)2033513968(8,6)
(7,6)140611707(7,7)
(8,6)79139461(9,6)
(8,6)193374954(8,7)
(9,6)1453052712(10,6)
(9,6)751939593(9,7)
(10,6)1743068219(11,6)
(10,6)307160747(10,7)
(11,6)1297508797(12,6)
(11,6)809475159(11,7)
(12,6)606610243(13,6)
(12,6)1698751768(12,7)
(13,6)572882647(14,6)
(13,6)1113677502(13,7)
(14,6)529157139(15,6)
(14,6)879088423(14,7)
(15,6)1138319388(16,6)
(15,6)291224106(15,7)
(16,6)1684224861(17,6)
(16,6)598777506(16,7)
(17,6)1293516304(18,6)
(17,6)747443291(17,7)
(18,6)30300371(19,6)
(18,6)318696259(18,7)
(19,6)533447193(20,6)
(19,6)234602932(19,7)
(20,6)2096296573(21,6)
(20,6)239795221(20,7)
(21,6)1881117554(22,6)
(21,6)2029036179(21,7)
(22,6)22164239(23,6)
(22,6)1512494022(22,7)
(23,6)1705868976(24,6)
(23,6)1767147874(23,7)
(24,6)371603820(25,6)
(24,6)101303700(24,7)
(25,6)408464447(26,6)
(25,6)1011438040(25,7)
(26,6)1820913199(27,6)
(26,6)2114672039(26,7)
(27,6)1665940159(28,6)
(27,6)1705973245(27,7)
(28,6)672167099(29,6)
(28,6)280039794(28,7)
(29,6)91339158(29,7)
(0,7)1201324238(1,7)
(0,7)1159128217(0,8)
(1,7)149963958(2,7)
(1,7)382563264(1,8)
(2,7)2066788125(3,7)
(2,7)1800101744(2,8)
(3,7)946134400(4,7)
(3,7)897407249(3,8)
(4,7)927707621(5,7)
(4,7)238000736(4,8)
(5,7)771447929(6,7)
(5,7)1180737333(5,8)
(6,7)1129550258(7,7)
(6,7)1167502842(6,8)
(7,7)901136748(8,7)
(7,7)653000461(7,8)
(8,7)675164700(9,7)
(8,7)494560632(8,8)
(9,7)52945960(10,7)
(9,7)520800975(9,8)
(10,7)892404795(11,7)
(10,7)776468400(10,8)
(11,7)1184932848(12,7)
(11,7)1064384000(11,8)
(12,7)737813551(13,7)
(12,7)859593186(12,8)
(13,7)378049697(14,7)
(13,7)743422445(13,8)
(14,7)1415589544(15,7)
(14,7)1017853346(14,8)
(15,7)29497915(16,7)
(15,7)469388855(15,8)
(16,7)851952119(17,7)
(16,7)469430135(16,8)
(17,7)122048231(18,7)
(17,7)179461873(17,8)
(18,7)1076869123(19,7)
(18,7)771256596(18,8)
(19,7)1009257333(20,7)
(19,7)1068182632(19,8)
(20,7)101436317(21,7)
(20,7)2004576744(20,8)
(21,7)1024595938(22,7)
(21,7)1780705262(21,8)
(22,7)286222075(23,7)
(22,7)1230986575(22,8)
(23,7)1725547208(24,7)
(23,7)1925732687(23,8)
(24,7)299050014(25,7)
(24,7)961386775(24,8)
(25,7)1737855176(26,7)
(25,7)1778493168(25,8)
(26,7)695393521(27,7)
(26,7)1191454809(26,8)
(27,7)2051047995(28,7)
(27,7)775304376(27,8)
(28,7)1518726821(29,7)
(28,7)1433207072(28,8)
(29,7)281614044(29,8)
(0,8)786832717(1,8)
(0,8)303576770(0,9)
(1,8)333074686(2,8)
(1,8)751002899(1,9)
(2,8)1602955018(3,8)
(2,8)1256262852(2,9)
(3,8)1378311084(4,8)
(3,8)512536559(3,9)
(4,8)1589405682(5,8)
(4,8)226727966(4,9)
(5,8)1235985299(6,8)
(5,8)299010068(5,9)
(6,8)400446385(7,8)
(6,8)1446498778(6,9)
(7,8)323611069(8,8)
(7,8)869206914(7,9)
(8,8)1155428989(9,8)
(8,8)1631432960(8,9)
(9,8)1209496520(10,8)
(9,8)101860108(9,9)
(10,8)400910122(11,8)
(10,8)2116815765(10,9)
(11,8)1707187293(12,8)
(11,8)840506041(11,9)
(12,8)1535899562(13,8)
(12,8)1592364931(12,9)
(13,8)1495929278(14,8)
(13,8)335008021(13,9)
(14,8)1853734842(15,8)
(14,8)821622986(14,9)
(15,8)1125199757(16,8)
(15,8)1777543322(15,9)
(16,8)381062573(17,8)
(16,8)493083911(16,9)
(17,8)1749346764(18,8)
(17,8)1458274443(17,9)
(18,8)1970811002(19,8)
(18,8)1984017591(18,9)
(19,8)63261909(20,8)
(19,8)980174200(19,9)
(20,8)1279184268(21,8)
(20,8)1412733037(20,9)
(21,8)711748167(22,8)
(21,8)1299247209(21,9)
(22,8)20970475(23,8)
(22,8)1679630653(22,9)
(23,8)1163579965(24,8)
(23,8)1035359236(23,9)
(24,8)1137219344(25,8)
(24,8)1176399464(24,9)
(25,8)1145731581(26,8)
(25,8)225592838(25,9)
(26,8)1066098879(27,8)
(26,8)1538129466(26,9)
(27,8)983010749(28,8)
(27,8)705435226(27,9)
(28,8)1040443247(29,8)
(28,8)454514793(28,9)
(29,8)331456379(29,9)
(0,9)746694441(1,9)
(0,9)1276137779(0,10)
(1,9)253853888(2,9)
(1,9)2108999701(1,10)
(2,9)342578626(3,9)
(2,9)1239778353(2,10)
(3,9)841641469(4,9)
(3,9)1712128331(3,10)
(4,9)1535455686(5,9)
(4,9)179112569(4,10)
(5,9)242374479(6,9)
(5,9)1821815669(5,10)
(6,9)953516289(7,9)
(6,9)800705075(6,10)
(7,9)1512453242(8,9)
(7,9)1541621688(7,10)
(8,9)1562592163(9,9)
(8,9)485663294(8,10)
(9,9)1649243259(10,9)
(9,9)400328831(9,10)
(10,9)1537548175(11,9)
(10,9)591507979(10,10)
(11,9)1737239561(12,9)
(11,9)1874836097(11,10)
(12,9)793451328(13,9)
(12,9)928193994(12,10)
(13,9)1911204743(14,9)
(13,9)295191139(13,10)
(14,9)1335634387(15,9)
(14,9)1247966121(14,10)
(15,9)376620253(16,9)
(15,9)95177475(15,10)
(16,9)56693528(17,9)
(16,9)2082328828(16,10)
(17,9)1174623533(18,9)
(17,9)630474141(17,10)
(18,9)195118825(19,9)
(18,9)399272155(18,10)
(19,9)578384724(20,9)
(19,9)2016265002(19,10)
(20,9)1690597023(21,9)
(20,9)1730574511(20,10)
(21,9)383795938(22,9)
(21,9)820759203(21,10)
(22,9)214897243(23,9)
(22,9)496629664(22,10)
(23,9)982292958(24,9)
(23,9)1896249180(23,10)
(24,9)149094363(25,9)
(24,9)1777489406(24,10)
(25,9)221513738(26,9)
(25,9)484052570(25,10)
(26,9)211405019(27,9)
(26,9)1686642539(26,10)
(27,9)467352885(28,9)
(27,9)1958753299(27,10)
(28,9)106460790(29,9)
(28,9)1004856348(28,10)
(29,9)231073980(29,10)
(0,10)1442095177(1,10)
(0,10)105338821(0,11)
(1,10)481959074(2,10)
(1,10)326251455(1,11)
(2,10)382944984(3,10)
(2,10)1376940358(2,11)
(3,10)404080243(4,10)
(3,10)1112433216(3,11)
(4,10)1307552041(5,10)
(4,10)782217139(4,11)
(5,10)1360601863(6,10)
(5,10)272861598(5,11)
(6,10)1963458621(7,10)
(6,10)890642904(6,11)
(7,10)1274438842(8,10)
(7,10)33877419(7,11)
(8,10)248774662(9,10)
(8,10)312604638(8,11)
(9,10)1294897596(10,10)
(9,10)1023204374(9,11)
(10,10)1172298738(11,10)
(10,10)2026264069(10,11)
(11,10)100294159(12,10)
(11,10)1778950166(11,11)
(12,10)1990355186(13,10)
(12,10)711457629(12,11)
(13,10)1178810514(14,10)
(13,10)2059047458(13,11)
(14,10)18024600(15,10)
(14,10)847727886(14,11)
(15,10)953066707(16,10)
(15,10)1409884494(15,11)
(16,10)1736135950(17,10)
(16,10)1460119778(16,11)
(17,10)689576488(18,10)
(17,10)1435025782(17,11)
(18,10)399975350(19,10)
(18,10)2119080934(18,11)
(19,10)753814425(20,10)
(19,10)1093656731(19,11)
(20,10)1366518329(21,10)
(20,10)1707527391(20,11)
(21,10)450686647(22,10)
(21,10)2114416288(21,11)
(22,10)810059(23,10)
(22,10)1182493303(22,11)
(23,10)1495097941(24,10)
(23,10)1725125489(23,11)
(24,10)600846215(25,10)
(24,10)249584722(24,11)
(25,10)128365143(26,10)
(25,10)642511889(25,11)
(26,10)273978408(27,10)
(26,10)1773144953(26,11)
(27,10)337118934(28,10)
(27,10)228659302(27,11)
(28,10)140223112(29,10)
(28,10)116849946(28,11)
(29,10)1515929448(29,11)
(0,11)158247712(1,11)
(0,11)964577832(0,12)
(1,11)1917644539(2,11)
(1,11)778330295(1,12)
(2,11)366982597(3,11)
(2,11)1618367490(2,12)
(3,11)160460330(4,11)
(3,11)1205186673(3,12)
(4,11)1605162023(5,11)
(4,11)338579883(4,12)
(5,11)1092394308(6,11)
(5,11)1254117062(5,12)
(6,11)473151743(7,11)
(6,11)1165205766(6,12)
(7,11)1615892413(8,11)
(7,11)1059326948(7,12)
(8,11)1060137008(9,11)
(8,11)1655645046(8,12)
(9,11)1003259339(10,11)
(9,11)1193534254(9,12)
(10,11)1794380470(11,11)
(10,11)1309721730(10,12)
(11,11)1438086873(12,11)
(11,11)1645771229(11,12)
(12,11)1919749637(13,11)
(12,11)1420041775(12,12)
(13,11)1757160710(14,11)
(13,11)1666746175(13,12)
(14,11)1806969287(15,11)
(14,11)2036599583(14,12)
(15,11)853693767(16,11)
(15,11)1125606510(15,12)
(16,11)1903936805(17,11)
(16,11)1965216999(16,12)
(17,11)1436100842(18,11)
(17,11)623854658(17,12)
(18,11)1829041332(19,11)
(18,11)123435754(18,12)
(19,11)462015637(20,11)
(19,11)1596561172(19,12)
(20,11)703194586(21,11)
(20,11)1286719707(20,12)
(21,11)304441826(22,11)
(21,11)1554409945(21,12)
(22,11)466253246(23,11)
(22,11)1176346330(22,12)
(23,11)684507728(24,11)
(23,11)1920334239(23,12)
(24,11)966384846(25,11)
(24,11)1526390254(24,12)
(25,11)688628336(26,11)
(25,11)1687767068(25,12)
(26,11)1186054649(27,11)
(26,11)613281668(26,12)
(27,11)2033323443(28,11)
(27,11)2126715209(27,12)
(28,11)1645977736(29,11)
(28,11)958320638(28,12)
(29,11)1643000505(29,12)
(0,12)1305463375(1,12)
(0,12)847436573(0,13)
(1,12)1701130340(2,12)
(1,12)621123368(1,13)
(2,12)377576525(3,12)
(2,12)1123196726(2,13)
(3,12)411813920(4,12)
(3,12)177501350(3,13)
(4,12)2006542682(5,12)
(4,12)501012280(4,13)
(5,12)963027917(6,12)
(5,12)2008375093(5,13)
(6,12)564086031(7,12)
(6,12)1145778742(6,13)
(7,12)1450220568(8,12)
(7,12)369954215(7,13)
(8,12)836207461(9,12)
(8,12)1740432361(8,13)
(9,12)277456442(10,12)
(9,12)1223071159(9,13)
(10,12)41972357(11,12)
(10,12)215114067(10,13)
(11,12)903742403(12,12)
(11,12)1965223510(11,13)
(12,12)1003794511(13,12)
(12,12)655254025(12,13)
(13,12)541093821(14,12)
(13,12)882973964(13,13)
(14,12)381468052(15,12)
(14,12)1962115149(14,13)
(15,12)662068074(16,12)
(15,12)36610678(15,13)
(16,12)657734046(17,12)
(16,12)1686931427(16,13)
(17,12)662644505(18,12)
(17,12)215714766(17,13)
(18,12)393216116(19,12)
(18,12)1035310572(18,13)
(19,12)1536322852(20,12)
(19,12)1074458426(19,13)
(20,12)935349871(21,12)
(20,12)252275151(20,13)
(21,12)1398053893(22,12)
(21,12)351867121(21,13)
(22,12)721821336(23,12)
(22,12)1499435902(22,13)
(23,12)1092384616(24,12)
(23,12)700790813(23,13)
(24,12)1923861972(25,12)
(24,12)1558028797(24,13)
(25,12)1773142864(26,12)
(25,12)1369841058(25,13)
(26,12)1187580920(27,12)
(26,12)1965834330(26,13)
(27,12)473604707(28,12)
(27,12)529401619(27,13)
(28,12)1412375583(29,12)
(28,12)43891783(28,13)
(29,12)1014698528(29,13)
(0,13)1793843635(1,13)
(0,13)2006006932(0,14)
(1,13)520591358(2,13)
(1,13)1051309207(1,14)
(2,13)1709043253(3,13)
(2,13)1333291414(2,14)
(3,13)1995935920(4,13)
(3,13)736306124(3,14)
(4,13)1129522240(5,13)
(4,13)596870177(4,14)
(5,13)2133193029(6,13)
(5,13)922910698(5,14)
(6,13)1858260569(7,13)
(6,13)1381797391(6,14)
(7,13)632367636(8,13)
(7,13)337576503(7,14)
(8,13)1059397839(9,13)
(8,13)1210212823(8,14)
(9,13)155113791(10,13)
(9,13)1333158449(9,14)
(10,13)1109536774(11,13)
(10,13)469942989(10,14)
(11,13)95602205(12,13)
(11,13)1524954849(11,14)
(12,13)565052121(13,13)
(12,13)927887456(12,14)
(13,13)1401492163(14,13)
(13,13)625003825(13,14)
(14,13)2037379408(15,13)
(14,13)608943904(14,14)
(15,13)467467188(16,13)
(15,13)268707044(15,14)
(16,13)1320016251(17,13)
(16,13)1683739396(16,14)
(17,13)869547162(18,13)
(17,13)988058546(17,14)
(18,13)1724364670(19,13)
(18,13)881575856(18,14)
(19,13)1478446034(20,13)
(19,13)717999434(19,14)
(20,13)1640910132(21,13)
(20,13)706403263(20,14)
(21,13)2088200654(22,13)
(21,13)1464155415(21,14)
(22,13)1801731918(23,13)
(22,13)1351687053(22,14)
(23,13)414416229(24,13)
(23,13)573084643(23,14)
(24,13)1906243092(25,13)
(24,13)713646110(24,14)
(25,13)1183589099(26,13)
(25,13)569530020(25,14)
(26,13)2094484870(27,13)
(26,13)868296218(26,14)
(27,13)1796183674(28,13)
(27,13)1279191304(27,14)
(28,13)1904195129(29,13)
(28,13)512053343(28,14)
(29,13)1050192190(29,14)
(0,14)1794090890(1,14)
(0,14)1120997248(0,15)
(1,14)1588464436(2,14)
(1,14)1318899234(1,15)
(2,14)491431837(3,14)
(2,14)1330346638(2,15)
(3,14)52410152(4,14)
(3,14)429039335(3,15)
(4,14)5920357(5,14)
(4,14)1373007693(4,15)
(5,14)703970079(6,14)
(5,14)770409587(5,15)
(6,14)263836071(7,14)
(6,14)712323620(6,15)
(7,14)653040627(8,14)
(7,14)20641847(7,15)
(8,14)1822373765(9,14)
(8,14)1615523125(8,15)
(9,14)2029939354(10,14)
(9,14)1226125270(9,15)
(10,14)984884714(11,14)
(10,14)388536227(10,15)
(11,14)1572125326(12,14)
(11,14)451985726(11,15)
(12,14)398986948(13,14)
(12,14)1853180933(12,15)
(13,14)1501880959(14,14)
(13,14)703832983(13,15)
(14,14)460544464(15,14)
(14,14)911040292(14,15)
(15,14)2032037540(16,14)
(15,14)404589501(15,15)
(16,14)1723488735(17,14)
(16,14)107151706(16,15)
(17,14)1437498344(18,14)
(17,14)1473018328(17,15)
(18,14)1902057663(19,14)
(18,14)67436924(18,15)
(19,14)1440444618(20,14)
(19,14)1489908497(19,15)
(20,14)112834436(21,14)
(20,14)1907978021(20,15)
(21,14)472817993(22,14)
(21,14)2144414697(21,15)
(22,14)17572896(23,14)
(22,14)376670507(22,15)
(23,14)1992193632(24,14)
(23,14)1125858620(23,15)
(24,14)204500242(25,14)
(24,14)1839946662(24,15)
(25,14)80999241(26,14)
(25,14)1874649338(25,15)
(26,14)179151417(27,14)
(26,14)1189384957(26,15)
(27,14)895082242(28,14)
(27,14)1653124568(27,15)
(28,14)209473903(29,14)
(28,14)578138365(28,15)
(29,14)249479553(29,15)
(0,15)670018367(1,15)
(0,15)1489178657(0,16)
(1,15)1373732549(2,15)
(1,15)654069055(1,16)
(2,15)230074142(3,15)
(2,15)777170074(2,16)
(3,15)67184770(4,15)
(3,15)699267230(3,16)
(4,15)453841245(5,15)
(4,15)297511067(4,16)
(5,15)1737955685(6,15)
(5,15)1557093267(5,16)
(6,15)1669927703(7,15)
(6,15)214335618(6,16)
(7,15)687153612(8,15)
(7,15)1734886734(7,16)
(8,15)1752459631(9,15)
(8,15)2046598211(8,16)
(9,15)1891308195(10,15)
(9,15)1813012232(9,16)
(10,15)2017512475(11,15)
(10,15)1444922645(10,16)
(11,15)1525921886(12,15)
(11,15)1618473886(11,16)
(12,15)1797625303(13,15)
(12,15)1059413784(12,16)
(13,15)1954496026(14,15)
(13,15)1031562806(13,16)
(14,15)1241036709(15,15)
(14,15)228280020(14,16)
(15,15)1717458678(16,15)
(15,15)56491931(15,16)
(16,15)710560986(17,15)
(16,15)1911055077(16,16)
(17,15)540741503(18,15)
(17,15)943707579(17,16)
(18,15)1642974809(19,15)
(18,15)940635129(18,16)
(19,15)1238146196(20,15)
(19,15)607926273(19,16)
(20,15)17535893(21,15)
(20,15)2096816055(20,16)
(21,15)163668025(22,15)
(21,15)828618233(21,16)
(22,15)416021319(23,15)
(22,15)1687463596(22,16)
(23,15)1586578159(24,15)
(23,15)850821637(23,16)
(24,15)516350222(25,15)
(24,15)20997302(24,16)
(25,15)1465919947(26,15)
(25,15)1330402707(25,16)
(26,15)801392945(27,15)
(26,15)386379049(26,16)
(27,15)1445792833(28,15)
(27,15)844358186(27,16)
(28,15)1875920992(29,15)
(28,15)451534600(28,16)
(29,15)1252805211(29,16)
(0,16)969474054(1,16)
(0,16)679814620(0,17)
(1,16)249789650(2,16)
(1,16)1309297142(1,17)
(2,16)2019858129(3,16)
(2,16)733045483(2,17)
(3,16)1273786986(4,16)
(3,16)1193497230(3,17)
(4,16)688988391(5,16)
(4,16)813009610(4,17)
(5,16)2051155806(6,16)
(5,16)1881713259(5,17)
(6,16)1899249152(7,16)
(6,16)638320798(6,17)
(7,16)801988824(8,16)
(7,16)732290391(7,17)
(8,16)1148311710(9,16)
(8,16)1439229101(8,17)
(9,16)878323612(10,16)
(9,16)1652810461(9,17)
(10,16)21677035(11,16)
(10,16)1169309013(10,17)
(11,16)487745312(12,16)
(11,16)61242671(11,17)
(12,16)862635616(13,16)
(12,16)408056084(12,17)
(13,16)1853848917(14,16)
(13,16)1332103498(13,17)
(14,16)1060540843(15,16)
(14,16)1314170216(14,17)
(15,16)1993984837(16,16)
(15,16)959170480(15,17)
(16,16)120983975(17,16)
(16,16)2030014897(16,17)
(17,16)615576732(18,16)
(17,16)96290839(17,17)
(18,16)1289788069(19,16)
(18,16)2140842104(18,17)
(19,16)806368066(20,16)
(19,16)1889363718(19,17)
(20,16)1623593329(21,16)
(20,16)1978776461(20,17)
(21,16)469613611(22,16)
(21,16)710040224(21,17)
(22,16)1442330615(23,16)
(22,16)1375358834(22,17)
(23,16)667104287(24,16)
(23,16)1271602435(23,17)
(24,16)776929249(25,16)
(24,16)443158677(24,17)
(25,16)1612467690(26,16)
(25,16)1545427899(25,17)
(26,16)1606670571(27,16)
(26,16)798606284(26,17)
(27,16)1206662369(28,16)
(27,16)2100213003(27,17)
(28,16)1284832853(29,16)
(28,16)321822539(28,17)
(29,16)913027638(29,17)
(0,17)197890048(1,17)
(0,17)1635992756(0,18)
(1,17)1482493945(2,17)
(1,17)1872198119(1,18)
(2,17)1993182094(3,17)
(2,17)80421297(2,18)
(3,17)695998029(4,17)
(3,17)1578784784(3,18)
(4,17)721089206(5,17)
(4,17)1986540550(4,18)
(5,17)645424968(6,17)
(5,17)437878099(5,18)
(6,17)2061471429(7,17)
(6,17)552382019(6,18)
(7,17)1021995630(8,17)
(7,17)1355465192(7,18)
(8,17)650312159(9,17)
(8,17)1289346615(8,18)
(9,17)1956450902(10,17)
(9,17)146114418(9,18)
(10,17)923043667(11,17)
(10,17)1093470836(10,18)
(11,17)558454879(12,17)
(11,17)1354395153(11,18)
(12,17)813582076(13,17)
(12,17)1721649951(12,18)
(13,17)780828672(14,17)
(13,17)511184234(13,18)
(14,17)1796017087(15,17)
(14,17)1135404616(14,18)
(15,17)623913724(16,17)
(15,17)1693856311(15,18)
(16,17)1418570782(17,17)
(16,17)1993907136(16,18)
(17,17)2074328433(18,17)
(17,17)2106407669(17,18)
(18,17)1537708805(19,17)
(18,17)1264269228(18,18)
(19,17)1103326130(20,17)
(19,17)622842815(19,18)
(20,17)1060720914(21,17)
(20,17)111314363(20,18)
(21,17)663696382(22,17)
(21,17)1748751098(21,18)
(22,17)956732642(23,17)
(22,17)974708695(22,18)
(23,17)116571662(24,17)
(23,17)1685692013(23,18)
(24,17)1831806431(25,17)
(24,17)1607044801(24,18)
(25,17)553031989(26,17)
(25,17)2073022564(25,18)
(26,17)1279934070(27,17)
(26,17)607366450(26,18)
(27,17)181532753(28,17)
(27,17)1111486868(27,18)
(28,17)1622671102(29,17)
(28,17)2093516146(28,18)
(29,17)962361426(29,18)
(0,18)1271204542(1,18)
(0,18)1081437114(0,19)
(1,18)1705350838(2,18)
(1,18)508734089(1,19)
(2,18)1927304871(3,18)
(2,18)1117628030(2,19)
(3,18)1044472815(4,18)
(3,18)1664274859(3,19)
(4,18)1054500017(5,18)
(4,18)1044090451(4,19)
(5,18)2147416581(6,18)
(5,18)1667315630(5,19)
(6,18)580552897(7,18)
(6,18)1165814380(6,19)
(7,18)1829510763(8,18)
(7,18)1748684031(7,19)
(8,18)557933025(9,18)
(8,18)1555261592(8,19)
(9,18)1671833255(10,18)
(9,18)1367719128(9,19)
(10,18)1052041911(11,18)
(10,18)17494178(10,19)
(11,18)570526167(12,18)
(11,18)1597372171(11,19)
(12,18)729822593(13,18)
(12,18)1659408361(12,19)
(13,18)1840941114(14,18)
(13,18)1682013036(13,19)
(14,18)1157200490(15,18)
(14,18)675855092(14,19)
(15,18)1757292206(16,18)
(15,18)655818892(15,19)
(16,18)1164552981(17,18)
(16,18)280921384(16,19)
(17,18)1398549414(18,18)
(17,18)1315159397(17,19)
(18,18)831950608(19,18)
(18,18)944374204(18,19)
(19,18)1988464655(20,18)
(19,18)295538582(19,19)
(20,18)1962854212(21,18)
(20,18)1886450625(20,19)
(21,18)904781358(22,18)
(21,18)1988397588(21,19)
(22,18)1589597971(23,18)
(22,18)395923461(22,19)
(23,18)1951185054(24,18)
(23,18)586808473(23,19)
(24,18)1954527601(25,18)
(24,18)47348(24,19)
(25,18)17541526(26,18)
(25,18)1475534661(25,19)
(26,18)925423184(27,18)
(26,18)859085864(26,19)
(27,18)371010577(28,18)
(27,18)588067694(27,19)
(28,18)122597082(29,18)
(28,18)1655245778(28,19)
(29,18)64468043(29,19)
(0,19)1279797572(1,19)
(0,19)183617222(0,20)
(1,19)1940909428(2,19)
(1,19)720286936(1,20)
(2,19)1884839917(3,19)
(2,19)1560718957(2,20)
(3,19)811784723(4,19)
(3,19)1108585177(3,20)
(4,19)1940535786(5,19)
(4,19)681730474(4,20)
(5,19)522711481(6,19)
(5,19)1107323305(5,20)
(6,19)922693870(7,19)
(6,19)1679502763(6,20)
(7,19)436800473(8,19)
(7,19)363625422(7,20)
(8,19)1953223393(9,19)
(8,19)1318617331(8,20)
(9,19)1122318737(10,19)
(9,19)1023608946(9,20)
(10,19)830652899(11,19)
(10,19)1953270742(10,20)
(11,19)1970812268(12,19)
(11,19)450369750(11,20)
(12,19)1375792935(13,19)
(12,19)1689738763(12,20)
(13,19)2060749340(14,19)
(13,19)411396314(13,20)
(14,19)533993396(15,19)
(14,19)883555065(14,20)
(15,19)1067172287(16,19)
(15,19)2125217384(15,20)
(16,19)698020672(17,19)
(16,19)1813790969(16,20)
(17,19)1227026278(18,19)
(17,19)860598067(17,20)
(18,19)1969183245(19,19)
(18,19)435376941(18,20)
(19,19)1117107415(20,19)
(19,19)2038811001(19,20)
(20,19)998650659(21,19)
(20,19)1762235383(20,20)
(21,19)1294254498(22,19)
(21,19)1639818897(21,20)
(22,19)2003444319(23,19)
(22,19)1921344529(22,20)
(23,19)1092478212(24,19)
(23,19)1731054972(23,20)
(24,19)607180270(25,19)
(24,19)1809184064(24,20)
(25,19)1614971158(26,19)
(25,19)67313302(25,20)
(26,19)517683052(27,19)
(26,19)1437833170(26,20)
(27,19)980088285(28,19)
(27,19)1438299779(27,20)
(28,19)1849696093(29,19)
(28,19)1893475987(28,20)
(29,19)893353978(29,20)
(0,20)236205842(1,20)
(0,20)629547404(0,21)
(1,20)1696719691(2,20)
(1,20)871087714(1,21)
(2,20)1569108386(3,20)
(2,20)2049996811(2,21)
(3,20)1129539441(4,20)
(3,20)409834111(3,21)
(4,20)231533708(5,20)
(4,20)2004485327(4,21)
(5,20)974109095(6,20)
(5,20)1020866794(5,21)
(6,20)2019517453(7,20)
(6,20)1993769091(6,21)
(7,20)1140539941(8,20)
(7,20)466444344(7,21)
(8,20)322405015(9,20)
(8,20)1793378334(8,21)
(9,20)738372899(10,20)
(9,20)724111265(9,21)
(10,20)1331291536(11,20)
(10,20)2131589079(10,21)
(11,20)1599076590(12,20)
(11,20)805686201(11,21)
(12,20)1323369253(13,20)
(12,20)621641058(12,21)
(13,20)1601729343(14,20)
(13,20)889892721(13,21)
(14,20)592105166(15,20)
(14,20)1069361593(14,21)
(15,20)1698908997(16,20)
(15,20)347599673(15,21)
(16,20)1218687387(17,20)
(16,20)828311008(16,21)
(17,20)730824171(18,20)
(17,20)1248145041(17,21)
(18,20)1657979152(19,20)
(18,20)640312125(18,21)
(19,20)497313805(20,20)
(19,20)1860363612(19,21)
(20,20)733746759(21,20)
(20,20)1889512860(20,21)
(21,20)1735798303(22,20)
(21,20)1471422900(21,21)
(22,20)1937867244(23,20)
(22,20)605780564(22,21)
(23,20)251675251(24,20)
(23,20)728854596(23,21)
(24,20)1452965862(25,20)
(24,20)112788611(24,21)
(25,20)96894042(26,20)
(25,20)990048150(25,21)
(26,20)1795734351(27,20)
(26,20)636773750(26,21)
(27,20)1258414808(28,20)
(27,20)1695970632(27,21)
(28,20)438379705(29,20)
(28,20)971619956(28,21)
(29,20)712660503(29,21)
(0,21)1030484872(1,21)
(0,21)2040981549(0,22)
(1,21)1592406899(2,21)
(1,21)1060260177(1,22)
(2,21)131463916(3,21)
(2,21)1858795880(2,22)
(3,21)442136404(4,21)
(3,21)693068292(3,22)
(4,21)203563796(5,21)
(4,21)771776042(4,22)
(5,21)1269089847(6,21)
(5,21)155016368(5,22)
(6,21)888763127(7,21)
(6,21)2093076656(6,22)
(7,21)1681391311(8,21)
(7,21)593029099(7,22)
(8,21)383412695(9,21)
(8,21)1494543692(8,22)
(9,21)1746218943(10,21)
(9,21)262762259(9,22)
(10,21)1715728121(11,21)
(10,21)496201306(10,22)
(11,21)593095348(12,21)
(11,21)588783445(11,22)
(12,21)237034148(13,21)
(12,21)205018223(12,22)
(13,21)1463433031(14,21)
(13,21)141582333(13,22)
(14,21)579962038(15,21)
(14,21)1208654104(14,22)
(15,21)1102152006(16,21)
(15,21)28609887(15,22)
(16,21)1088870064(17,21)
(16,21)1610446910(16,22)
(17,21)1321759143(18,21)
(17,21)547075257(17,22)
(18,21)1240143549(19,21)
(18,21)1220333980(18,22)
(19,21)1992110022(20,21)
(19,21)1763895547(19,22)
(20,21)1918911915(21,21)
(20,21)1443707345(20,22)
(21,21)1389300353(22,21)
(21,21)1113716221(21,22)
(22,21)1706745320(23,21)
(22,21)660191395(22,22)
(23,21)7251439(24,21)
(23,21)923208016(23,22)
(24,21)1185970275(25,21)
(24,21)2090158015(24,22)
(25,21)438875673(26,21)
(25,21)1753470382(25,22)
(26,21)194770179(27,21)
(26,21)754214749(26,22)
(27,21)959232972(28,21)
(27,21)1031971022(27,22)
(28,21)1173553355(29,21)
(28,21)431804327(28,22)
(29,21)275182356(29,22)
(0,22)1753515393(1,22)
(0,22)1640458431(0,23)
(1,22)595126789(2,22)
(1,22)303792243(1,23)
(2,22)1392662307(3,22)
(2,22)1216478656(2,23)
(3,22)390754151(4,22)
(3,22)1142202046(3,23)
(4,22)234861947(5,22)
(4,22)465512639(4,23)
(5,22)310139014(6,22)
(5,22)7166050(5,23)
(6,22)1926077965(7,22)
(6,22)1678569292(6,23)
(7,22)920385997(8,22)
(7,22)1423855235(7,23)
(8,22)983116908(9,22)
(8,22)438785712(8,23)
(9,22)446037151(10,22)
(9,22)1843594013(9,23)
(10,22)882080641(11,22)
(10,22)925791275(10,23)
(11,22)1364666949(12,22)
(11,22)52023885(11,23)
(12,22)246794064(13,22)
(12,22)1636295390(12,23)
(13,22)448044714(14,22)
(13,22)249154323(13,23)
(14,22)1422707678(15,22)
(14,22)678598391(14,23)
(15,22)171573175(16,22)
(15,22)723227070(15,23)
(16,22)1027019313(17,22)
(16,22)1028739423(16,23)
(17,22)97734431(18,22)
(17,22)766699964(17,23)
(18,22)1908902011(19,22)
(18,22)272197972(18,23)
(19,22)737710612(20,22)
(19,22)488488582(19,23)
(20,22)495654632(21,22)
(20,22)2143763958(20,23)
(21,22)1674849603(22,22)
(21,22)1047849626(21,23)
(22,22)324221213(23,22)
(22,22)274248950(22,23)
(23,22)713034662(24,22)
(23,22)447751952(23,23)
(24,22)143862318(25,22)
(24,22)1307338121(24,23)
(25,22)85645749(26,22)
(25,22)1159071814(25,23)
(26,22)1211095699(27,22)
(26,22)1025942959(26,23)
(27,22)514754701(28,22)
(27,22)1450312698(27,23)
(28,22)1699467021(29,22)
(28,22)1457889764(28,23)
(29,22)962799415(29,23)
(0,23)974691051(1,23)
(0,23)2136488155(0,24)
(1,23)160577682(2,23)
(1,23)1686026486(1,24)
(2,23)565562151(3,23)
(2,23)2003430474(2,24)
(3,23)2101164906(4,23)
(3,23)927277647(3,24)
(4,23)688696010(5,23)
(4,23)837760124(4,24)
(5,23)1575470736(6,23)
(5,23)442169840(5,24)
(6,23)937824473(7,23)
(6,23)684976320(6,24)
(7,23)212342275(8,23)
(7,23)475836714(7,24)
(8,23)800057927(9,23)
(8,23)1212073423(8,24)
(9,23)1925108085(10,23)
(9,23)660094228(9,24)
(10,23)803956546(11,23)
(10,23)2107396049(10,24)
(11,23)45558150(12,23)
(11,23)936696251(11,24)
(12,23)308303(13,23)
(12,23)1829899505(12,24)
(13,23)197170558(14,23)
(13,23)1495870848(13,24)
(14,23)1047854221(15,23)
(14,23)1458198067(14,24)
(15,23)1447202574(16,23)
(15,23)1159969973(15,24)
(16,23)698512811(17,23)
(16,23)2022545272(16,24)
(17,23)1878492098(18,23)
(17,23)1607780257(17,24)
(18,23)387574256(19,23)
(18,23)1264074963(18,24)
(19,23)2101835087(20,23)
(19,23)1832173356(19,24)
(20,23)126859549(21,23)
(20,23)1076270266(20,24)
(21,23)1761246586(22,23)
(21,23)1529822175(21,24)
(22,23)2005658889(23,23)
(22,23)1064684022(22,24)
(23,23)129273797(24,23)
(23,23)1973588862(23,24)
(24,23)486199442(25,23)
(24,23)658233168(24,24)
(25,23)618145569(26,23)
(25,23)2054381882(25,24)
(26,23)843594486(27,23)
(26,23)1290155988(26,24)
(27,23)972571845(28,23)
(27,23)663703719(27,24)
(28,23)12090919(29,23)
(28,23)843902789(28,24)
(29,23)1169742403(29,24)
(0,24)1059945140(1,24)
(0,24)154617208(0,25)
(1,24)1601819782(2,24)
(1,24)182228728(1,25)
(2,24)880741540(3,24)
(2,24)935006764(2,25)
(3,24)666015215(4,24)
(3,24)1062116391(3,25)
(4,24)1449690647(5,24)
(4,24)2144816503(4,25)
(5,24)2099167942(6,24)
(5,24)350704923(5,25)
(6,24)477564472(7,24)
(6,24)378477265(6,25)
(7,24)2139723852(8,24)
(7,24)1481506469(7,25)
(8,24)1339681710(9,24)
(8,24)1542248494(8,25)
(9,24)1671522291(10,24)
(9,24)1965829066(9,25)
(10,24)304544860(11,24)
(10,24)1997914878(10,25)
(11,24)468576800(12,24)
(11,24)1578420526(11,25)
(12,24)274531364(13,24)
(12,24)1594700848(12,25)
(13,24)419789045(14,24)
(13,24)1132280519(13,25)
(14,24)1144371439(15,24)
(14,24)1118434153(14,25)
(15,24)1273051361(16,24)
(15,24)1589531448(15,25)
(16,24)1771760176(17,24)
(16,24)56832931(16,25)
(17,24)991839696(18,24)
(17,24)727387495(17,25)
(18,24)1789503887(19,24)
(18,24)505018068(18,25)
(19,24)502350923(20,24)
(19,24)1657854911(19,25)
(20,24)2008559834(21,24)
(20,24)1091710886(20,25)
(21,24)1470188152(22,24)
(21,24)454035217(21,25)
(22,24)1935541686(23,24)
(22,24)338640659(22,25)
(23,24)1880889153(24,24)
(23,24)1462428356(23,25)
(24,24)1280773774(25,24)
(24,24)1127739748(24,25)
(25,24)978170979(26,24)
(25,24)1404927797(25,25)
(26,24)835864675(27,24)
(26,24)1585318634(26,25)
(27,24)1032535834(28,24)
(27,24)1446747779(27,25)
(28,24)431544650(29,24)
(28,24)1110396039(28,25)
(29,24)1452324879(29,25)
(0,25)1575916089(1,25)
(0,25)81346544(0,26)
(1,25)1354397905(2,25)
(1,25)894372679(1,26)
(2,25)518649207(3,25)
(2,25)1632749021(2,26)
(3,25)477105069(4,25)
(3,25)2081785400(3,26)
(4,25)1723805639(5,25)
(4,25)1023667276(4,26)
(5,25)1526018199(6,25)
(5,25)2134959980(5,26)
(6,25)1996036166(7,25)
(6,25)668032878(6,26)
(7,25)2138221030(8,25)
(7,25)1980053417(7,26)
(8,25)1768111455(9,25)
(8,25)187193177(8,26)
(9,25)2068082331(10,25)
(9,25)1453165738(9,26)
(10,25)586455864(11,25)
(10,25)748367556(10,26)
(11,25)1726538535(12,25)
(11,25)1325526480(11,26)
(12,25)13907507(13,25)
(12,25)24290850(12,26)
(13,25)1056826684(14,25)
(13,25)1025802666(13,26)
(14,25)1457347316(15,25)
(14,25)1124303546(14,26)
(15,25)1205650090(16,25)
(15,25)361667915(15,26)
(16,25)1256040594(17,25)
(16,25)885779758(16,26)
(17,25)371045131(18,25)
(17,25)412564347(17,26)
(18,25)346866099(19,25)
(18,25)1774689801(18,26)
(19,25)650873429(20,25)
(19,25)848150200(19,26)
(20,25)835626532(21,25)
(20,25)2070671739(20,26)
(21,25)591220969(22,25)
(21,25)29407981(21,26)
(22,25)2009461398(23,25)
(22,25)684179050(22,26)
(23,25)871372228(24,25)
(23,25)581958351(23,26)
(24,25)2035124089(25,25)
(24,25)1630089205(24,26)
(25,25)230973113(26,25)
(25,25)791970911(25,26)
(26,25)2117497391(27,25)
(26,25)474096305(26,26)
(27,25)498387155(28,25)
(27,25)1957511648(27,26)
(28,25)835830666(29,25)
(28,25)2131404898(28,26)
(29,25)1555213839(29,26)
(0,26)145694335(1,26)
(0,26)1108224796(0,27)
(1,26)166391238(2,26)
(1,26)1916881754(1,27)
(2,26)1025438700(3,26)
(2,26)1031474093(2,27)
(3,26)1402519224(4,26)
(3,26)578955585(3,27)
(4,26)925821684(5,26)
(4,26)652644853(4,27)
(5,26)1303518283(6,26)
(5,26)103185776(5,27)
(6,26)938812308(7,26)
(6,26)849009775(6,27)
(7,26)1440230744(8,26)
(7,26)1332926264(7,27)
(8,26)1194904014(9,26)
(8,26)1622991358(8,27)
(9,26)346879938(10,26)
(9,26)2022189095(9,27)
(10,26)1909829536(11,26)
(10,26)677509571(10,27)
(11,26)908482685(12,26)
(11,26)1138850849(11,27)
(12,26)1108864592(13,26)
(12,26)236442193(12,27)
(13,26)734829348(14,26)
(13,26)718510685(13,27)
(14,26)1554341352(15,26)
(14,26)1092785842(14,27)
(15,26)53526990(16,26)
(15,26)142559539(15,27)
(16,26)2059441293(17,26)
(16,26)1700035687(16,27)
(17,26)584026132(18,26)
(17,26)219918228(17,27)
(18,26)798873813(19,26)
(18,26)937396345(18,27)
(19,26)1590041199(20,26)
(19,26)1986545356(19,27)
(20,26)2089731132(21,26)
(20,26)1724695498(20,27)
(21,26)426221625(22,26)
(21,26)746075834(21,27)
(22,26)2079002098(23,26)
(22,26)881059792(22,27)
(23,26)356567502(24,26)
(23,26)1866452370(23,27)
(24,26)1741157817(25,26)
(24,26)1126422464(24,27)
(25,26)1803932035(26,26)
(25,26)703447441(25,27)
(26,26)1842298290(27,26)
(26,26)1503503706(26,27)
(27,26)1739945899(28,26)
(27,26)564931072(27,27)
(28,26)1283441758(29,26)
(28,26)803679235(28,27)
(29,26)327291600(29,27)
(0,27)690299462(1,27)
(0,27)1896465077(0,28)
(1,27)1949992068(2,27)
(1,27)469851139(1,28)
(2,27)381808785(3,27)
(2,27)242851501(2,28)
(3,27)826877633(4,27)
(3,27)22426648(3,28)
(4,27)821300462(5,27)
(4,27)1319205130(4,28)
(5,27)761762681(6,27)
(5,27)665939341(5,28)
(6,27)608186825(7,27)
(6,27)398512312(6,28)
(7,27)824733937(8,27)
(7,27)1507838515(7,28)
(8,27)1439356965(9,27)
(8,27)1489246617(8,28)
(9,27)1845814119(10,27)
(9,27)543702659(9,28)
(10,27)137376829(11,27)
(10,27)418295781(10,28)
(11,27)74744169(12,27)
(11,27)401777912(11,28)
(12,27)96592555(13,27)
(12,27)1640880535(12,28)
(13,27)1233342786(14,27)
(13,27)639675241(13,28)
(14,27)1923116999(15,27)
(14,27)900271790(14,28)
(15,27)649253219(16,27)
(15,27)1560634386(15,28)
(16,27)2030485526(17,27)
(16,27)465932813(16,28)
(17,27)708784314(18,27)
(17,27)451761639(17,28)
(18,27)474188288(19,27)
(18,27)264810663(18,28)
(19,27)1584015793(20,27)
(19,27)1535661947(19,28)
(20,27)54117640(21,27)
(20,27)1295488750(20,28)
(21,27)1694001062(22,27)
(21,27)198294827(21,28)
(22,27)1706133342(23,27)
(22,27)662304465(22,28)
(23,27)4067434(24,27)
(23,27)371251351(23,28)
(24,27)914954011(25,27)
(24,27)998006660(24,28)
(25,27)1416302441(26,27)
(25,27)1849881554(25,28)
(26,27)104175818(27,27)
(26,27)1052330840(26,28)
(27,27)545727727(28,27)
(27,27)1491046610(27,28)
(28,27)2130721852(29,27)
(28,27)200768373(28,28)
(29,27)1779070513(29,28)
(0,28)1906355203(1,28)
(0,28)1101040163(0,29)
(1,28)1750293383(2,28)
(1,28)1192221252(1,29)
(2,28)1075223130(3,28)
(2,28)224804369(2,29)
(3,28)933588683(4,28)
(3,28)54571374(3,29)
(4,28)528759662(5,28)
(4,28)1340033793(4,29)
(5,28)776565938(6,28)
(5,28)321766983(5,29)
(6,28)375884623(7,28)
(6,28)1824248412(6,29)
(7,28)1370765826(8,28)
(7,28)974860765(7,29)
(8,28)533510460(9,28)
(8,28)1038189089(8,29)
(9,28)1042256523(10,28)
(9,28)1742017178(9,29)
(10,28)509487541(11,28)
(10,28)1531517120(10,29)
(11,28)800335913(12,28)
(11,28)744654429(11,29)
(12,28)848830248(13,28)
(12,28)1561818381(12,29)
(13,28)2107546108(14,28)
(13,28)143898876(13,29)
(14,28)127137080(15,28)
(14,28)1049598621(14,29)
(15,28)3155137(16,28)
(15,28)1739132973(15,29)
(16,28)783870577(17,28)
(16,28)2033492283(16,29)
(17,28)110813004(18,28)
(17,28)1753448520(17,29)
(18,28)1808019894(19,28)
(18,28)1859093707(18,29)
(19,28)1051643852(20,28)
(19,28)1044401688(19,29)
(20,28)1366168671(21,28)
(20,28)189295909(20,29)
(21,28)2013544321(22,28)
(21,28)1828209791(21,29)
(22,28)655586908(23,28)
(22,28)1742053294(22,29)
(23,28)632758735(24,28)
(23,28)1236826500(23,29)
(24,28)831360030(25,28)
(24,28)1189097368(24,29)
(25,28)573130840(26,28)
(25,28)1675015259(25,29)
(26,28)272186040(27,28)
(26,28)1340847571(26,29)
(27,28)755182304(28,28)
(27,28)1373466754(27,29)
(28,28)1517365630(29,28)
(28,28)1121016288(28,29)
(29,28)715244764(29,29)
(0,29)23131262(1,29)
(1,29)1644502710(2,29)
(2,29)306894089(3,29)
(3,29)26286399(4,29)
(4,29)1530511345(5,29)
(5,29)1090764667(6,29)
(6,29)1779734919(7,29)
(7,29)1641324350(8,29)
(8,29)802374726(9,29)
(9,29)1440271165(10,29)
(10,29)538242390(11,29)
(11,29)1854018579(12,29)
(12,29)1629567074(13,29)
(13,29)1904411061(14,29)
(14,29)1534744722(15,29)
(15,29)1495627748(16,29)
(16,29)1498980707(17,29)
(17,29)42847982(18,29)
(18,29)584970600(19,29)
(19,29)2131739443(20,29)
(20,29)1231945351(21,29)
(21,29)1416330630(22,29)
(22,29)1659271054(23,29)
(23,29)1805076191(24,29)
(24,29)609694553(25,29)
(25,29)1931457094(26,29)
(26,29)1031059297(27,29)
(27,29)1364876857(28,29)
(28,29)904989735(29,29)
