30 50
(0,0)99788765(1,0)
(0,0)590011675(0,1)
(1,0)171864072(2,0)
(1,0)2131925610(1,1)
(2,0)171035632(3,0)
(2,0)317159276(2,1)
(3,0)963050649(4,0)
(3,0)602511920(3,1)
(4,0)1919854381(5,0)
(4,0)1069979073(4,1)
(5,0)589806848(6,0)
(5,0)33661026(5,1)
(6,0)475191198(7,0)
(6,0)2086105860(6,1)
(7,0)550050020(8,0)
(7,0)894416410(7,1)
(8,0)583787226(9,0)
(8,0)780437020(8,1)
(9,0)550277486(10,0)
(9,0)893281828(9,1)
(10,0)990569005(11,0)
(10,0)650366414(10,1)
(11,0)612872373(12,0)
(11,0)968873679(11,1)
(12,0)1764676460(13,0)
(12,0)163967331(12,1)
(13,0)841258873(14,0)
(13,0)2072834383(13,1)
(14,0)2082417967(15,0)
(14,0)802348052(14,1)
(15,0)1392359727(16,0)
(15,0)1025141346(15,1)
(16,0)1009583308(17,0)
(16,0)34723084(16,1)
(17,0)351882361(18,0)
(17,0)1564223799(17,1)
(18,0)19252071(19,0)
(18,0)1180618940(18,1)
(19,0)103114365(20,0)
(19,0)1314933010(19,1)
(20,0)1348594037(21,0)
(20,0)1939106453(20,1)
(21,0)1877728665(22,0)
(21,0)692921213(21,1)
(22,0)1587337623(23,0)
(22,0)1823785235(22,1)
(23,0)456738607(24,0)
(23,0)280295037(23,1)
(24,0)1173576865(25,0)
(24,0)23641201(24,1)
(25,0)674007615(26,0)
(25,0)1007016093(25,1)
(26,0)1975889773(27,0)
(26,0)16662222(26,1)
(27,0)180629553(28,0)
(27,0)1286879988(27,1)
(28,0)1212230723(29,0)
(28,0)1593082585(28,1)
(29,0)1021888427(29,1)
(0,1)1147165042(1,1)
(0,1)247946989(0,2)
(1,1)1640306716(2,1)
(1,1)2047029773(1,2)
(2,1)909129433(3,1)
(2,1)1181888127(2,2)
(3,1)1533770488(4,1)
(3,1)1057046868(3,2)
(4,1)1076298939(5,1)
(4,1)2089748373(4,2)
(5,1)45379090(6,1)
(5,1)701219850(5,2)
(6,1)2049813887(7,1)
(6,1)867921744(6,2)
(7,1)598166761(8,1)
(7,1)738300303(7,2)
(8,1)178154278(9,1)
(8,1)1726115474(8,2)
(9,1)35370433(10,1)
(9,1)878461798(9,2)
(10,1)2052038663(11,1)
(10,1)201795479(10,2)
(11,1)875803094(12,1)
(11,1)1042386527(11,2)
(12,1)870792652(13,1)
(12,1)2068700886(12,2)
(13,1)101846791(14,1)
(13,1)15199434(13,2)
(14,1)1227430158(15,1)
(14,1)316391589(14,2)
(15,1)564338578(16,1)
(15,1)1123735218(15,2)
(16,1)1023281343(17,1)
(16,1)227111552(16,2)
(17,1)1408999679(18,1)
(17,1)57161646(17,2)
(18,1)1114208514(19,1)
(18,1)1932410776(18,2)
(19,1)1874675501(20,1)
(19,1)795286519(19,2)
(20,1)1496506370(21,1)
(20,1)43023806(20,2)
(21,1)910945550(22,1)
(21,1)1920054591(21,2)
(22,1)510871246(23,1)
(22,1)1398836609(22,2)
(23,1)977468436(24,1)
(23,1)1509112312(23,2)
(24,1)240090462(25,1)
(24,1)689025524(24,2)
(25,1)890821003(26,1)
(25,1)1012838869(25,2)
(26,1)2055225396(27,1)
(26,1)144645478(26,2)
(27,1)65862716(28,1)
(27,1)1766624097(27,2)
(28,1)1781823532(29,1)
(28,1)778534400(28,2)
(29,1)167709507(29,2)
(0,2)861770042(1,2)
(0,2)1094925989(0,3)
(1,2)1659264567(2,2)
(1,2)1291444726(1,3)
(2,2)167242421(3,2)
(2,2)1088881594(2,3)
(3,2)350397626(4,2)
(3,2)1716426214(3,3)
(4,2)683151080(5,2)
(4,2)2099653198(4,3)
(5,2)1826845051(6,2)
(5,2)1145684145(5,3)
(6,2)494706867(7,2)
(6,2)726174886(6,3)
(7,2)1637120437(8,2)
(7,2)1599415995(7,3)
(8,2)2110287241(9,2)
(8,2)1893543477(8,3)
(9,2)723528265(10,2)
(9,2)998749101(9,3)
(10,2)1238839563(11,2)
(10,2)651829118(10,3)
(11,2)1542650121(12,2)
(11,2)1736367134(11,3)
(12,2)1644108883(13,2)
(12,2)1383485041(12,3)
(13,2)1449347757(14,2)
(13,2)1161790571(13,3)
(14,2)796130455(15,2)
(14,2)275159635(14,3)
(15,2)1370085625(16,2)
(15,2)1617057265(15,3)
(16,2)761018343(17,2)
(16,2)1657900497(16,3)
(17,2)599298443(18,2)
(17,2)881866544(17,3)
(18,2)450809110(19,2)
(18,2)928260764(18,3)
(19,2)880430314(20,2)
(19,2)949696069(19,3)
(20,2)2095380215(21,2)
(20,2)1133960191(20,3)
(21,2)1860135077(22,2)
(21,2)559791718(21,3)
(22,2)11724065(23,2)
(22,2)442603434(22,3)
(23,2)188663263(24,2)
(23,2)1349771866(23,3)
(24,2)201037319(25,2)
(24,2)2122011306(24,3)
(25,2)626356776(26,2)
(25,2)912191528(25,3)
(26,2)501075015(27,2)
(26,2)1439876883(26,3)
(27,2)675878276(28,2)
(27,2)21523250(27,3)
(28,2)1183313821(29,2)
(28,2)2145183898(28,3)
(29,2)2125226034(29,3)
(0,3)1979444276(1,3)
(0,3)272859885(0,4)
(1,3)1642945510(2,3)
(1,3)1594799651(1,4)
(2,3)208334346(3,3)
(2,3)1489861125(2,4)
(3,3)2089159568(4,3)
(3,3)377328407(3,4)
(4,3)828137517(5,3)
(4,3)1136595110(4,4)
(5,3)2017025425(6,3)
(5,3)891371990(5,4)
(6,3)839268557(7,3)
(6,3)1962097708(6,4)
(7,3)1674749138(8,3)
(7,3)429333495(7,4)
(8,3)441057560(9,3)
(8,3)1281871991(8,4)
(9,3)1470535255(10,3)
(9,3)877037356(9,4)
(10,3)1078074676(11,3)
(10,3)415585218(10,4)
(11,3)1041941995(12,3)
(11,3)235243135(11,4)
(12,3)736318150(13,3)
(12,3)370467911(12,4)
(13,3)1046346187(14,3)
(13,3)1063465245(13,4)
(14,3)99295418(15,3)
(14,3)734018400(14,4)
(15,3)1006878286(16,3)
(15,3)1024088573(15,4)
(16,3)471404576(17,3)
(16,3)2078739694(16,4)
(17,3)1421117171(18,3)
(17,3)502340148(17,4)
(18,3)879668555(19,3)
(18,3)679738922(18,4)
(19,3)1816334033(20,3)
(19,3)1362793091(19,4)
(20,3)106681433(21,3)
(20,3)1707806073(20,4)
(21,3)1522420133(22,3)
(21,3)1685875810(21,4)
(22,3)2115209305(23,3)
(22,3)945949990(22,4)
(23,3)80338334(24,3)
(23,3)1049685623(23,4)
(24,3)1926722980(25,3)
(24,3)408783217(24,4)
(25,3)824368435(26,3)
(25,3)1550873589(25,4)
(26,3)1786116724(27,3)
(26,3)857314008(26,4)
(27,3)1227781919(28,3)
(27,3)1866310430(27,4)
(28,3)782292027(29,3)
(28,3)374951227(28,4)
(29,3)126644458(29,4)
(0,4)881587445(1,4)
(0,4)1108969627(0,5)
(1,4)2115847913(2,4)
(1,4)1150733032(1,5)
(2,4)1622137608(3,4)
(2,4)812843491(2,5)
(3,4)86477014(4,4)
(3,4)470704414(3,5)
(4,4)1350372969(5,4)
(4,4)154392883(4,5)
(5,4)1970726916(6,4)
(5,4)1449270106(5,5)
(6,4)1555951539(7,4)
(6,4)910695394(6,5)
(7,4)285631880(8,4)
(7,4)1509119078(7,5)
(8,4)1476844735(9,4)
(8,4)354417882(8,5)
(9,4)434756216(10,4)
(9,4)1335317503(9,5)
(10,4)1114556835(11,4)
(10,4)1885627952(10,5)
(11,4)562512739(12,4)
(11,4)1985629805(11,5)
(12,4)1624262881(13,4)
(12,4)1971870843(12,5)
(13,4)1052169114(14,4)
(13,4)281339522(13,5)
(14,4)1063631549(15,4)
(14,4)1999214108(14,5)
(15,4)960700088(16,4)
(15,4)1178813573(15,5)
(16,4)182062957(17,4)
(16,4)1945218995(16,5)
(17,4)610578838(18,4)
(17,4)929064353(17,5)
(18,4)1399768767(19,4)
(18,4)1804200565(18,5)
(19,4)1958593448(20,4)
(19,4)697055853(19,5)
(20,4)2146325959(21,4)
(20,4)602658089(20,5)
(21,4)1513353483(22,4)
(21,4)1781836716(21,5)
(22,4)1143472146(23,4)
(22,4)1554793850(22,5)
(23,4)1909211732(24,4)
(23,4)1798985363(23,5)
(24,4)986819219(25,4)
(24,4)472833233(24,5)
(25,4)210977537(26,4)
(25,4)196484300(25,5)
(26,4)34630457(27,4)
(26,4)2101376054(26,5)
(27,4)1925763250(28,4)
(27,4)773490277(27,5)
(28,4)1054829799(29,4)
(28,4)1658893339(28,5)
(29,4)830448716(29,5)
(0,5)2118461348(1,5)
(0,5)1510623799(0,6)
(1,5)323840239(2,5)
(1,5)2009262289(1,6)
(2,5)43841598(3,5)
(2,5)1916196695(2,6)
(3,5)379291886(4,5)
(3,5)1252904593(3,6)
(4,5)505189712(5,5)
(4,5)1848042164(4,6)
(5,5)1659151964(6,5)
(5,5)1076347739(5,6)
(6,5)1075190050(7,5)
(6,5)1107847801(6,6)
(7,5)473717637(8,5)
(7,5)1293505033(7,6)
(8,5)289493531(9,5)
(8,5)482500252(8,6)
(9,5)244228337(10,5)
(9,5)125219352(9,6)
(10,5)1112038571(11,5)
(10,5)762326765(10,6)
(11,5)973304302(12,5)
(11,5)440712637(11,6)
(12,5)475343095(13,5)
(12,5)1065930978(12,6)
(13,5)844210580(14,5)
(13,5)1746794579(13,6)
(14,5)654140730(15,5)
(14,5)2134236434(14,6)
(15,5)1497376585(16,5)
(15,5)1674659296(15,6)
(16,5)1536437938(17,5)
(16,5)625118431(16,6)
(17,5)393831478(18,5)
(17,5)1821216825(17,6)
(18,5)926637770(19,5)
(18,5)1580279536(18,6)
(19,5)1280838052(20,5)
(19,5)773123364(19,6)
(20,5)1849471103(21,5)
(20,5)1431827482(20,6)
(21,5)392191636(22,5)
(21,5)792506369(21,6)
(22,5)2086011402(23,5)
(22,5)777177505(22,6)
(23,5)1259677758(24,5)
(23,5)865909273(23,6)
(24,5)991128625(25,5)
(24,5)228021285(24,6)
(25,5)990348050(26,5)
(25,5)1503906095(25,6)
(26,5)1944618732(27,5)
(26,5)2103167197(26,6)
(27,5)1021614527(28,5)
(27,5)1963652353(27,6)
(28,5)1562963284(29,5)
(28,5)272478179(28,6)
(29,5)1865825107(29,6)
(0,6)69620367(1,6)
(0,6)259230965(0,7)
(1,6)1756607551(2,6)
(1,6)1393000755(1,7)
(2,6)781955045(3,6)
(2,6)694738798(2,7)
(3,6)1088570276(4,6)
(3,6)1430340728(3,7)
(4,6)209494850(5,6)
(4,6)214750934(4,7)
(5,6)1495588986(6,6)
(5,6)1861693641(5,7)
(6,6)1563681096(7,6)
(6,6)1641322332(6,7)
(7,6)2033513968(8,6)
(7,6)140611707(7,7)
(8,6)79139461(9,6)
(8,6)193374954(8,7)
(9,6)1453052712(10,6)
(9,6)751939593(9,7)
(10,6)1743068219(11,6)
(10,6)307160747(10,7)
(11,6)1297508797(12,6)
(11,6)809475159(11,7)
(12,6)606610243(13,6)
(12,6)1698751768(12,7)
(13,6)572882647(14,6)
(13,6)1113677502(13,7)
(14,6)529157139(15,6)
(14,6)879088423(14,7)
(15,6)1138319388(16,6)
(15,6)291224106(15,7)
(16,6)1684224861(17,6)
(16,6)598777506(16,7)
(17,6)1293516304(18,6)
(17,6)747443291(17,7)
(18,6)30300371(19,6)
(18,6)318696259(18,7)
(19,6)533447193(20,6)
(19,6)234602932(19,7)
(20,6)2096296573(21,6)
(20,6)239795221(20,7)
(21,6)1881117554(22,6)
(21,6)2029036179(21,7)
(22,6)22164239(23,6)
(22,6)1512494022(22,7)
(23,6)1705868976(24,6)
(23,6)1767147874(23,7)
(24,6)371603820(25,6)
(24,6)101303700(24,7)
(25,6)408464447(26,6)
(25,6)1011438040(25,7)
(26,6)1820913199(27,6)
(26,6)2114672039(26,7)
(27,6)1665940159(28,6)
(27,6)1705973245(27,7)
(28,6)672167099(29,6)
(28,6)280039794(28,7)
(29,6)91339158(29,7)
(0,7)1201324238(1,7)
(0,7)1159128217(0,8)
(1,7)149963958(2,7)
(1,7)382563264(1,8)
(2,7)2066788125(3,7)
(2,7)1800101744(2,8)
(3,7)946134400(4,7)
(3,7)897407249(3,8)
(4,7)927707621(5,7)
(4,7)238000736(4,8)
(5,7)771447929(6,7)
(5,7)1180737333(5,8)
(6,7)1129550258(7,7)
(6,7)1167502842(6,8)
(7,7)901136748(8,7)
(7,7)653000461(7,8)
(8,7)675164700(9,7)
(8,7)494560632(8,8)
(9,7)52945960(10,7)
(9,7)520800975(9,8)
(10,7)892404795(11,7)
(10,7)776468400(10,8)
(11,7)1184932848(12,7)
(11,7)1064384000(11,8)
(12,7)737813551(13,7)
(12,7)859593186(12,8)
(13,7)378049697(14,7)
(13,7)743422445(13,8)
(14,7)1415589544(15,7)
(14,7)1017853346(14,8)
(15,7)29497915(16,7)
(15,7)469388855(15,8)
(16,7)851952119(17,7)
(16,7)469430135(16,8)
(17,7)122048231(18,7)
(17,7)179461873(17,8)
(18,7)1076869123(19,7)
(18,7)771256596(18,8)
(19,7)1009257333(20,7)
(19,7)1068182632(19,8)
(20,7)101436317(21,7)
(20,7)2004576744(20,8)
(21,7)1024595938(22,7)
(21,7)1780705262(21,8)
(22,7)286222075(23,7)
(22,7)1230986575(22,8)
(23,7)1725547208(24,7)
(23,7)1925732687(23,8)
(24,7)299050014(25,7)
(24,7)961386775(24,8)
(25,7)1737855176(26,7)
(25,7)1778493168(25,8)
(26,7)695393521(27,7)
(26,7)1191454809(26,8)
(27,7)2051047995(28,7)
(27,7)775304376(27,8)
(28,7)1518726821(29,7)
(28,7)1433207072(28,8)
(29,7)281614044(29,8)
(0,8)786832717(1,8)
(0,8)303576770(0,9)
(1,8)333074686(2,8)
(1,8)751002899(1,9)
(2,8)1602955018(3,8)
(2,8)1256262852(2,9)
(3,8)1378311084(4,8)
(3,8)512536559(3,9)
(4,8)1589405682(5,8)
(4,8)226727966(4,9)
(5,8)1235985299(6,8)
(5,8)299010068(5,9)
(6,8)400446385(7,8)
(6,8)1446498778(6,9)
(7,8)323611069(8,8)
(7,8)869206914(7,9)
(8,8)1155428989(9,8)
(8,8)1631432960(8,9)
(9,8)1209496520(10,8)
(9,8)101860108(9,9)
(10,8)400910122(11,8)
(10,8)2116815765(10,9)
(11,8)1707187293(12,8)
(11,8)840506041(11,9)
(12,8)1535899562(13,8)
(12,8)1592364931(12,9)
(13,8)1495929278(14,8)
(13,8)335008021(13,9)
(14,8)1853734842(15,8)
(14,8)821622986(14,9)
(15,8)1125199757(16,8)
(15,8)1777543322(15,9)
(16,8)381062573(17,8)
(16,8)493083911(16,9)
(17,8)1749346764(18,8)
(17,8)1458274443(17,9)
(18,8)1970811002(19,8)
(18,8)1984017591(18,9)
(19,8)63261909(20,8)
(19,8)980174200(19,9)
(20,8)1279184268(21,8)
(20,8)1412733037(20,9)
(21,8)711748167(22,8)
(21,8)1299247209(21,9)
(22,8)20970475(23,8)
(22,8)1679630653(22,9)
(23,8)1163579965(24,8)
(23,8)1035359236(23,9)
(24,8)1137219344(25,8)
(24,8)1176399464(24,9)
(25,8)1145731581(26,8)
(25,8)225592838(25,9)
(26,8)1066098879(27,8)
(26,8)1538129466(26,9)
(27,8)983010749(28,8)
(27,8)705435226(27,9)
(28,8)1040443247(29,8)
(28,8)454514793(28,9)
(29,8)331456379(29,9)
(0,9)746694441(1,9)
(0,9)1276137779(0,10)
(1,9)253853888(2,9)
(1,9)2108999701(1,10)
(2,9)342578626(3,9)
(2,9)1239778353(2,10)
(3,9)841641469(4,9)
(3,9)1712128331(3,10)
(4,9)1535455686(5,9)
(4,9)179112569(4,10)
(5,9)242374479(6,9)
(5,9)1821815669(5,10)
(6,9)953516289(7,9)
(6,9)800705075(6,10)
(7,9)1512453242(8,9)
(7,9)1541621688(7,10)
(8,9)1562592163(9,9)
(8,9)485663294(8,10)
(9,9)1649243259(10,9)
(9,9)400328831(9,10)
(10,9)1537548175(11,9)
(10,9)591507979(10,10)
(11,9)1737239561(12,9)
(11,9)1874836097(11,10)
(12,9)793451328(13,9)
(12,9)928193994(12,10)
(13,9)1911204743(14,9)
(13,9)295191139(13,10)
(14,9)1335634387(15,9)
(14,9)1247966121(14,10)
(15,9)376620253(16,9)
(15,9)95177475(15,10)
(16,9)56693528(17,9)
(16,9)2082328828(16,10)
(17,9)1174623533(18,9)
(17,9)630474141(17,10)
(18,9)195118825(19,9)
(18,9)399272155(18,10)
(19,9)578384724(20,9)
(19,9)2016265002(19,10)
(20,9)1690597023(21,9)
(20,9)1730574511(20,10)
(21,9)383795938(22,9)
(21,9)820759203(21,10)
(22,9)214897243(23,9)
(22,9)496629664(22,10)
(23,9)982292958(24,9)
(23,9)1896249180(23,10)
(24,9)149094363(25,9)
(24,9)1777489406(24,10)
(25,9)221513738(26,9)
(25,9)484052570(25,10)
(26,9)211405019(27,9)
(26,9)1686642539(26,10)
(27,9)467352885(28,9)
(27,9)1958753299(27,10)
(28,9)106460790(29,9)
(28,9)1004856348(28,10)
(29,9)231073980(29,10)
(0,10)1442095177(1,10)
(0,10)105338821(0,11)
(1,10)481959074(2,10)
(1,10)326251455(1,11)
(2,10)382944984(3,10)
(2,10)1376940358(2,11)
(3,10)404080243(4,10)
(3,10)1112433216(3,11)
(4,10)1307552041(5,10)
(4,10)782217139(4,11)
(5,10)1360601863(6,10)
(5,10)272861598(5,11)
(6,10)1963458621(7,10)
(6,10)890642904(6,11)
(7,10)1274438842(8,10)
(7,10)33877419(7,11)
(8,10)248774662(9,10)
(8,10)312604638(8,11)
(9,10)1294897596(10,10)
(9,10)1023204374(9,11)
(10,10)1172298738(11,10)
(10,10)2026264069(10,11)
(11,10)100294159(12,10)
(11,10)1778950166(11,11)
(12,10)1990355186(13,10)
(12,10)711457629(12,11)
(13,10)1178810514(14,10)
(13,10)2059047458(13,11)
(14,10)18024600(15,10)
(14,10)847727886(14,11)
(15,10)953066707(16,10)
(15,10)1409884494(15,11)
(16,10)1736135950(17,10)
(16,10)1460119778(16,11)
(17,10)689576488(18,10)
(17,10)1435025782(17,11)
(18,10)399975350(19,10)
(18,10)2119080934(18,11)
(19,10)753814425(20,10)
(19,10)1093656731(19,11)
(20,10)1366518329(21,10)
(20,10)1707527391(20,11)
(21,10)450686647(22,10)
(21,10)2114416288(21,11)
(22,10)810059(23,10)
(22,10)1182493303(22,11)
(23,10)1495097941(24,10)
(23,10)1725125489(23,11)
(24,10)600846215(25,10)
(24,10)249584722(24,11)
(25,10)128365143(26,10)
(25,10)642511889(25,11)
(26,10)273978408(27,10)
(26,10)1773144953(26,11)
(27,10)337118934(28,10)
(27,10)228659302(27,11)
(28,10)140223112(29,10)
(28,10)116849946(28,11)
(29,10)1515929448(29,11)
(0,11)158247712(1,11)
(0,11)964577832(0,12)
(1,11)1917644539(2,11)
(1,11)778330295(1,12)
(2,11)366982597(3,11)
(2,11)1618367490(2,12)
(3,11)160460330(4,11)
(3,11)1205186673(3,12)
(4,11)1605162023(5,11)
(4,11)338579883(4,12)
(5,11)1092394308(6,11)
(5,11)1254117062(5,12)
(6,11)473151743(7,11)
(6,11)1165205766(6,12)
(7,11)1615892413(8,11)
(7,11)1059326948(7,12)
(8,11)1060137008(9,11)
(8,11)1655645046(8,12)
(9,11)1003259339(10,11)
(9,11)1193534254(9,12)
(10,11)1794380470(11,11)
(10,11)1309721730(10,12)
(11,11)1438086873(12,11)
(11,11)1645771229(11,12)
(12,11)1919749637(13,11)
(12,11)1420041775(12,12)
(13,11)1757160710(14,11)
(13,11)1666746175(13,12)
(14,11)1806969287(15,11)
(14,11)2036599583(14,12)
(15,11)853693767(16,11)
(15,11)1125606510(15,12)
(16,11)1903936805(17,11)
(16,11)1965216999(16,12)
(17,11)1436100842(18,11)
(17,11)623854658(17,12)
(18,11)1829041332(19,11)
(18,11)123435754(18,12)
(19,11)462015637(20,11)
(19,11)1596561172(19,12)
(20,11)703194586(21,11)
(20,11)1286719707(20,12)
(21,11)304441826(22,11)
(21,11)1554409945(21,12)
(22,11)466253246(23,11)
(22,11)1176346330(22,12)
(23,11)684507728(24,11)
(23,11)1920334239(23,12)
(24,11)966384846(25,11)
(24,11)1526390254(24,12)
(25,11)688628336(26,11)
(25,11)1687767068(25,12)
(26,11)1186054649(27,11)
(26,11)613281668(26,12)
(27,11)2033323443(28,11)
(27,11)2126715209(27,12)
(28,11)1645977736(29,11)
(28,11)958320638(28,12)
(29,11)1643000505(29,12)
(0,12)1305463375(1,12)
(0,12)847436573(0,13)
(1,12)1701130340(2,12)
(1,12)621123368(1,13)
(2,12)377576525(3,12)
(2,12)1123196726(2,13)
(3,12)411813920(4,12)
(3,12)177501350(3,13)
(4,12)2006542682(5,12)
(4,12)501012280(4,13)
(5,12)963027917(6,12)
(5,12)2008375093(5,13)
(6,12)564086031(7,12)
(6,12)1145778742(6,13)
(7,12)1450220568(8,12)
(7,12)369954215(7,13)
(8,12)836207461(9,12)
(8,12)1740432361(8,13)
(9,12)277456442(10,12)
(9,12)1223071159(9,13)
(10,12)41972357(11,12)
(10,12)215114067(10,13)
(11,12)903742403(12,12)
(11,12)1965223510(11,13)
(12,12)1003794511(13,12)
(12,12)655254025(12,13)
(13,12)541093821(14,12)
(13,12)882973964(13,13)
(14,12)381468052(15,12)
(14,12)1962115149(14,13)
(15,12)662068074(16,12)
(15,12)36610678(15,13)
(16,12)657734046(17,12)
(16,12)1686931427(16,13)
(17,12)662644505(18,12)
(17,12)215714766(17,13)
(18,12)393216116(19,12)
(18,12)1035310572(18,13)
(19,12)1536322852(20,12)
(19,12)1074458426(19,13)
(20,12)935349871(21,12)
(20,12)252275151(20,13)
(21,12)1398053893(22,12)
(21,12)351867121(21,13)
(22,12)721821336(23,12)
(22,12)1499435902(22,13)
(23,12)1092384616(24,12)
(23,12)700790813(23,13)
(24,12)1923861972(25,12)
(24,12)1558028797(24,13)
(25,12)1773142864(26,12)
(25,12)1369841058(25,13)
(26,12)1187580920(27,12)
(26,12)1965834330(26,13)
(27,12)473604707(28,12)
(27,12)529401619(27,13)
(28,12)1412375583(29,12)
(28,12)43891783(28,13)
(29,12)1014698528(29,13)
(0,13)1793843635(1,13)
(0,13)2006006932(0,14)
(1,13)520591358(2,13)
(1,13)1051309207(1,14)
(2,13)1709043253(3,13)
(2,13)1333291414(2,14)
(3,13)1995935920(4,13)
(3,13)736306124(3,14)
(4,13)1129522240(5,13)
(4,13)596870177(4,14)
(5,13)2133193029(6,13)
(5,13)922910698(5,14)
(6,13)1858260569(7,13)
(6,13)1381797391(6,14)
(7,13)632367636(8,13)
(7,13)337576503(7,14)
(8,13)1059397839(9,13)
(8,13)1210212823(8,14)
(9,13)155113791(10,13)
(9,13)1333158449(9,14)
(10,13)1109536774(11,13)
(10,13)469942989(10,14)
(11,13)95602205(12,13)
(11,13)1524954849(11,14)
(12,13)565052121(13,13)
(12,13)927887456(12,14)
(13,13)1401492163(14,13)
(13,13)625003825(13,14)
(14,13)2037379408(15,13)
(14,13)608943904(14,14)
(15,13)467467188(16,13)
(15,13)268707044(15,14)
(16,13)1320016251(17,13)
(16,13)1683739396(16,14)
(17,13)869547162(18,13)
(17,13)988058546(17,14)
(18,13)1724364670(19,13)
(18,13)881575856(18,14)
(19,13)1478446034(20,13)
(19,13)717999434(19,14)
(20,13)1640910132(21,13)
(20,13)706403263(20,14)
(21,13)2088200654(22,13)
(21,13)1464155415(21,14)
(22,13)1801731918(23,13)
(22,13)1351687053(22,14)
(23,13)414416229(24,13)
(23,13)573084643(23,14)
(24,13)1906243092(25,13)
(24,13)713646110(24,14)
(25,13)1183589099(26,13)
(25,13)569530020(25,14)
(26,13)2094484870(27,13)
(26,13)868296218(26,14)
(27,13)1796183674(28,13)
(27,13)1279191304(27,14)
(28,13)1904195129(29,13)
(28,13)512053343(28,14)
(29,13)1050192190(29,14)
(0,14)1794090890(1,14)
(0,14)1120997248(0,15)
(1,14)1588464436(2,14)
(1,14)1318899234(1,15)
(2,14)491431837(3,14)
(2,14)1330346638(2,15)
(3,14)52410152(4,14)
(3,14)429039335(3,15)
(4,14)5920357(5,14)
(4,14)1373007693(4,15)
(5,14)703970079(6,14)
(5,14)770409587(5,15)
(6,14)263836071(7,14)
(6,14)712323620(6,15)
(7,14)653040627(8,14)
(7,14)20641847(7,15)
(8,14)1822373765(9,14)
(8,14)1615523125(8,15)
(9,14)2029939354(10,14)
(9,14)1226125270(9,15)
(10,14)984884714(11,14)
(10,14)388536227(10,15)
(11,14)1572125326(12,14)
(11,14)451985726(11,15)
(12,14)398986948(13,14)
(12,14)1853180933(12,15)
(13,14)1501880959(14,14)
(13,14)703832983(13,15)
(14,14)460544464(15,14)
(14,14)911040292(14,15)
(15,14)2032037540(16,14)
(15,14)404589501(15,15)
(16,14)1723488735(17,14)
(16,14)107151706(16,15)
(17,14)1437498344(18,14)
(17,14)1473018328(17,15)
(18,14)1902057663(19,14)
(18,14)67436924(18,15)
(19,14)1440444618(20,14)
(19,14)1489908497(19,15)
(20,14)112834436(21,14)
(20,14)1907978021(20,15)
(21,14)472817993(22,14)
(21,14)2144414697(21,15)
(22,14)17572896(23,14)
(22,14)376670507(22,15)
(23,14)1992193632(24,14)
(23,14)1125858620(23,15)
(24,14)204500242(25,14)
(24,14)1839946662(24,15)
(25,14)80999241(26,14)
(25,14)1874649338(25,15)
(26,14)179151417(27,14)
(26,14)1189384957(26,15)
(27,14)895082242(28,14)
(27,14)1653124568(27,15)
(28,14)209473903(29,14)
(28,14)578138365(28,15)
(29,14)249479553(29,15)
(0,15)670018367(1,15)
(0,15)1489178657(0,16)
(1,15)1373732549(2,15)
(1,15)654069055(1,16)
(2,15)230074142(3,15)
(2,15)777170074(2,16)
(3,15)67184770(4,15)
(3,15)699267230(3,16)
(4,15)453841245(5,15)
(4,15)297511067(4,16)
(5,15)1737955685(6,15)
(5,15)1557093267(5,16)
(6,15)1669927703(7,15)
(6,15)214335618(6,16)
(7,15)687153612(8,15)
(7,15)1734886734(7,16)
(8,15)1752459631(9,15)
(8,15)2046598211(8,16)
(9,15)1891308195(10,15)
(9,15)1813012232(9,16)
(10,15)2017512475(11,15)
(10,15)1444922645(10,16)
(11,15)1525921886(12,15)
(11,15)1618473886(11,16)
(12,15)1797625303(13,15)
(12,15)1059413784(12,16)
(13,15)1954496026(14,15)
(13,15)1031562806(13,16)
(14,15)1241036709(15,15)
(14,15)228280020(14,16)
(15,15)1717458678(16,15)
(15,15)56491931(15,16)
(16,15)710560986(17,15)
(16,15)1911055077(16,16)
(17,15)540741503(18,15)
(17,15)943707579(17,16)
(18,15)1642974809(19,15)
(18,15)940635129(18,16)
(19,15)1238146196(20,15)
(19,15)607926273(19,16)
(20,15)17535893(21,15)
(20,15)2096816055(20,16)
(21,15)163668025(22,15)
(21,15)828618233(21,16)
(22,15)416021319(23,15)
(22,15)1687463596(22,16)
(23,15)1586578159(24,15)
(23,15)850821637(23,16)
(24,15)516350222(25,15)
(24,15)20997302(24,16)
(25,15)1465919947(26,15)
(25,15)1330402707(25,16)
(26,15)801392945(27,15)
(26,15)386379049(26,16)
(27,15)1445792833(28,15)
(27,15)844358186(27,16)
(28,15)1875920992(29,15)
(28,15)451534600(28,16)
(29,15)1252805211(29,16)
(0,16)969474054(1,16)
(0,16)679814620(0,17)
(1,16)249789650(2,16)
(1,16)1309297142(1,17)
(2,16)2019858129(3,16)
(2,16)733045483(2,17)
(3,16)1273786986(4,16)
(3,16)1193497230(3,17)
(4,16)688988391(5,16)
(4,16)813009610(4,17)
(5,16)2051155806(6,16)
(5,16)1881713259(5,17)
(6,16)1899249152(7,16)
(6,16)638320798(6,17)
(7,16)801988824(8,16)
(7,16)732290391(7,17)
(8,16)1148311710(9,16)
(8,16)1439229101(8,17)
(9,16)878323612(10,16)
(9,16)1652810461(9,17)
(10,16)21677035(11,16)
(10,16)1169309013(10,17)
(11,16)487745312(12,16)
(11,16)61242671(11,17)
(12,16)862635616(13,16)
(12,16)408056084(12,17)
(13,16)1853848917(14,16)
(13,16)1332103498(13,17)
(14,16)1060540843(15,16)
(14,16)1314170216(14,17)
(15,16)1993984837(16,16)
(15,16)959170480(15,17)
(16,16)120983975(17,16)
(16,16)2030014897(16,17)
(17,16)615576732(18,16)
(17,16)96290839(17,17)
(18,16)1289788069(19,16)
(18,16)2140842104(18,17)
(19,16)806368066(20,16)
(19,16)1889363718(19,17)
(20,16)1623593329(21,16)
(20,16)1978776461(20,17)
(21,16)469613611(22,16)
(21,16)710040224(21,17)
(22,16)1442330615(23,16)
(22,16)1375358834(22,17)
(23,16)667104287(24,16)
(23,16)1271602435(23,17)
(24,16)776929249(25,16)
(24,16)443158677(24,17)
(25,16)1612467690(26,16)
(25,16)1545427899(25,17)
(26,16)1606670571(27,16)
(26,16)798606284(26,17)
(27,16)1206662369(28,16)
(27,16)2100213003(27,17)
(28,16)1284832853(29,16)
(28,16)321822539(28,17)
(29,16)913027638(29,17)
(0,17)197890048(1,17)
(0,17)1635992756(0,18)
(1,17)1482493945(2,17)
(1,17)1872198119(1,18)
(2,17)1993182094(3,17)
(2,17)80421297(2,18)
(3,17)695998029(4,17)
(3,17)1578784784(3,18)
(4,17)721089206(5,17)
(4,17)1986540550(4,18)
(5,17)645424968(6,17)
(5,17)437878099(5,18)
(6,17)2061471429(7,17)
(6,17)552382019(6,18)
(7,17)1021995630(8,17)
(7,17)1355465192(7,18)
(8,17)650312159(9,17)
(8,17)1289346615(8,18)
(9,17)1956450902(10,17)
(9,17)146114418(9,18)
(10,17)923043667(11,17)
(10,17)1093470836(10,18)
(11,17)558454879(12,17)
(11,17)1354395153(11,18)
(12,17)813582076(13,17)
(12,17)1721649951(12,18)
(13,17)780828672(14,17)
(13,17)511184234(13,18)
(14,17)1796017087(15,17)
(14,17)1135404616(14,18)
(15,17)623913724(16,17)
(15,17)1693856311(15,18)
(16,17)1418570782(17,17)
(16,17)1993907136(16,18)
(17,17)2074328433(18,17)
(17,17)2106407669(17,18)
(18,17)1537708805(19,17)
(18,17)1264269228(18,18)
(19,17)1103326130(20,17)
(19,17)622842815(19,18)
(20,17)1060720914(21,17)
(20,17)111314363(20,18)
(21,17)663696382(22,17)
(21,17)1748751098(21,18)
(22,17)956732642(23,17)
(22,17)974708695(22,18)
(23,17)116571662(24,17)
(23,17)1685692013(23,18)
(24,17)1831806431(25,17)
(24,17)1607044801(24,18)
(25,17)553031989(26,17)
(25,17)2073022564(25,18)
(26,17)1279934070(27,17)
(26,17)607366450(26,18)
(27,17)181532753(28,17)
(27,17)1111486868(27,18)
(28,17)1622671102(29,17)
(28,17)2093516146(28,18)
(29,17)962361426(29,18)
(0,18)1271204542(1,18)
(0,18)1081437114(0,19)
(1,18)1705350838(2,18)
(1,18)508734089(1,19)
(2,18)1927304871(3,18)
(2,18)1117628030(2,19)
(3,18)1044472815(4,18)
(3,18)1664274859(3,19)
(4,18)1054500017(5,18)
(4,18)1044090451(4,19)
(5,18)2147416581(6,18)
(5,18)1667315630(5,19)
(6,18)580552897(7,18)
(6,18)1165814380(6,19)
(7,18)1829510763(8,18)
(7,18)1748684031(7,19)
(8,18)557933025(9,18)
(8,18)1555261592(8,19)
(9,18)1671833255(10,18)
(9,18)1367719128(9,19)
(10,18)1052041911(11,18)
(10,18)17494178(10,19)
(11,18)570526167(12,18)
(11,18)1597372171(11,19)
(12,18)729822593(13,18)
(12,18)1659408361(12,19)
(13,18)1840941114(14,18)
(13,18)1682013036(13,19)
(14,18)1157200490(15,18)
(14,18)675855092(14,19)
(15,18)1757292206(16,18)
(15,18)655818892(15,19)
(16,18)1164552981(17,18)
(16,18)280921384(16,19)
(17,18)1398549414(18,18)
(17,18)1315159397(17,19)
(18,18)831950608(19,18)
(18,18)944374204(18,19)
(19,18)1988464655(20,18)
(19,18)295538582(19,19)
(20,18)1962854212(21,18)
(20,18)1886450625(20,19)
(21,18)904781358(22,18)
(21,18)1988397588(21,19)
(22,18)1589597971(23,18)
(22,18)395923461(22,19)
(23,18)1951185054(24,18)
(23,18)586808473(23,19)
(24,18)1954527601(25,18)
(24,18)47348(24,19)
(25,18)17541526(26,18)
(25,18)1475534661(25,19)
(26,18)925423184(27,18)
(26,18)859085864(26,19)
(27,18)371010577(28,18)
(27,18)588067694(27,19)
(28,18)122597082(29,18)
(28,18)1655245778(28,19)
(29,18)64468043(29,19)
(0,19)1279797572(1,19)
(0,19)183617222(0,20)
(1,19)1940909428(2,19)
(1,19)720286936(1,20)
(2,19)1884839917(3,19)
(2,19)1560718957(2,20)
(3,19)811784723(4,19)
(3,19)1108585177(3,20)
(4,19)1940535786(5,19)
(4,19)681730474(4,20)
(5,19)522711481(6,19)
(5,19)1107323305(5,20)
(6,19)922693870(7,19)
(6,19)1679502763(6,20)
(7,19)436800473(8,19)
(7,19)363625422(7,20)
(8,19)1953223393(9,19)
(8,19)1318617331(8,20)
(9,19)1122318737(10,19)
(9,19)1023608946(9,20)
(10,19)830652899(11,19)
(10,19)1953270742(10,20)
(11,19)1970812268(12,19)
(11,19)450369750(11,20)
(12,19)1375792935(13,19)
(12,19)1689738763(12,20)
(13,19)2060749340(14,19)
(13,19)411396314(13,20)
(14,19)533993396(15,19)
(14,19)883555065(14,20)
(15,19)1067172287(16,19)
(15,19)2125217384(15,20)
(16,19)698020672(17,19)
(16,19)1813790969(16,20)
(17,19)1227026278(18,19)
(17,19)860598067(17,20)
(18,19)1969183245(19,19)
(18,19)435376941(18,20)
(19,19)1117107415(20,19)
(19,19)2038811001(19,20)
(20,19)998650659(21,19)
(20,19)1762235383(20,20)
(21,19)1294254498(22,19)
(21,19)1639818897(21,20)
(22,19)2003444319(23,19)
(22,19)1921344529(22,20)
(23,19)1092478212(24,19)
(23,19)1731054972(23,20)
(24,19)607180270(25,19)
(24,19)1809184064(24,20)
(25,19)1614971158(26,19)
(25,19)67313302(25,20)
(26,19)517683052(27,19)
(26,19)1437833170(26,20)
(27,19)980088285(28,19)
(27,19)1438299779(27,20)
(28,19)1849696093(29,19)
(28,19)1893475987(28,20)
(29,19)893353978(29,20)
(0,20)236205842(1,20)
(0,20)629547404(0,21)
(1,20)1696719691(2,20)
(1,20)871087714(1,21)
(2,20)1569108386(3,20)
(2,20)2049996811(2,21)
(3,20)1129539441(4,20)
(3,20)409834111(3,21)
(4,20)231533708(5,20)
(4,20)2004485327(4,21)
(5,20)974109095(6,20)
(5,20)1020866794(5,21)
(6,20)2019517453(7,20)
(6,20)1993769091(6,21)
(7,20)1140539941(8,20)
(7,20)466444344(7,21)
(8,20)322405015(9,20)
(8,20)1793378334(8,21)
(9,20)738372899(10,20)
(9,20)724111265(9,21)
(10,20)1331291536(11,20)
(10,20)2131589079(10,21)
(11,20)1599076590(12,20)
(11,20)805686201(11,21)
(12,20)1323369253(13,20)
(12,20)621641058(12,21)
(13,20)1601729343(14,20)
(13,20)889892721(13,21)
(14,20)592105166(15,20)
(14,20)1069361593(14,21)
(15,20)1698908997(16,20)
(15,20)347599673(15,21)
(16,20)1218687387(17,20)
(16,20)828311008(16,21)
(17,20)730824171(18,20)
(17,20)1248145041(17,21)
(18,20)1657979152(19,20)
(18,20)640312125(18,21)
(19,20)497313805(20,20)
(19,20)1860363612(19,21)
(20,20)733746759(21,20)
(20,20)1889512860(20,21)
(21,20)1735798303(22,20)
(21,20)1471422900(21,21)
(22,20)1937867244(23,20)
(22,20)605780564(22,21)
(23,20)251675251(24,20)
(23,20)728854596(23,21)
(24,20)1452965862(25,20)
(24,20)112788611(24,21)
(25,20)96894042(26,20)
(25,20)990048150(25,21)
(26,20)1795734351(27,20)
(26,20)636773750(26,21)
(27,20)1258414808(28,20)
(27,20)1695970632(27,21)
(28,20)438379705(29,20)
(28,20)971619956(28,21)
(29,20)712660503(29,21)
(0,21)1030484872(1,21)
(0,21)2040981549(0,22)
(1,21)1592406899(2,21)
(1,21)1060260177(1,22)
(2,21)131463916(3,21)
(2,21)1858795880(2,22)
(3,21)442136404(4,21)
(3,21)693068292(3,22)
(4,21)203563796(5,21)
(4,21)771776042(4,22)
(5,21)1269089847(6,21)
(5,21)155016368(5,22)
(6,21)888763127(7,21)
(6,21)2093076656(6,22)
(7,21)1681391311(8,21)
(7,21)593029099(7,22)
(8,21)383412695(9,21)
(8,21)1494543692(8,22)
(9,21)1746218943(10,21)
(9,21)262762259(9,22)
(10,21)1715728121(11,21)
(10,21)496201306(10,22)
(11,21)593095348(12,21)
(11,21)588783445(11,22)
(12,21)237034148(13,21)
(12,21)205018223(12,22)
(13,21)1463433031(14,21)
(13,21)141582333(13,22)
(14,21)579962038(15,21)
(14,21)1208654104(14,22)
(15,21)1102152006(16,21)
(15,21)28609887(15,22)
(16,21)1088870064(17,21)
(16,21)1610446910(16,22)
(17,21)1321759143(18,21)
(17,21)547075257(17,22)
(18,21)1240143549(19,21)
(18,21)1220333980(18,22)
(19,21)1992110022(20,21)
(19,21)1763895547(19,22)
(20,21)1918911915(21,21)
(20,21)1443707345(20,22)
(21,21)1389300353(22,21)
(21,21)1113716221(21,22)
(22,21)1706745320(23,21)
(22,21)660191395(22,22)
(23,21)7251439(24,21)
(23,21)923208016(23,22)
(24,21)1185970275(25,21)
(24,21)2090158015(24,22)
(25,21)438875673(26,21)
(25,21)1753470382(25,22)
(26,21)194770179(27,21)
(26,21)754214749(26,22)
(27,21)959232972(28,21)
(27,21)1031971022(27,22)
(28,21)1173553355(29,21)
(28,21)431804327(28,22)
(29,21)275182356(29,22)
(0,22)1753515393(1,22)
(0,22)1640458431(0,23)
(1,22)595126789(2,22)
(1,22)303792243(1,23)
(2,22)1392662307(3,22)
(2,22)1216478656(2,23)
(3,22)390754151(4,22)
(3,22)1142202046(3,23)
(4,22)234861947(5,22)
(4,22)465512639(4,23)
(5,22)310139014(6,22)
(5,22)7166050(5,23)
(6,22)1926077965(7,22)
(6,22)1678569292(6,23)
(7,22)920385997(8,22)
(7,22)1423855235(7,23)
(8,22)983116908(9,22)
(8,22)438785712(8,23)
(9,22)446037151(10,22)
(9,22)1843594013(9,23)
(10,22)882080641(11,22)
(10,22)925791275(10,23)
(11,22)1364666949(12,22)
(11,22)52023885(11,23)
(12,22)246794064(13,22)
(12,22)1636295390(12,23)
(13,22)448044714(14,22)
(13,22)249154323(13,23)
(14,22)1422707678(15,22)
(14,22)678598391(14,23)
(15,22)171573175(16,22)
(15,22)723227070(15,23)
(16,22)1027019313(17,22)
(16,22)1028739423(16,23)
(17,22)97734431(18,22)
(17,22)766699964(17,23)
(18,22)1908902011(19,22)
(18,22)272197972(18,23)
(19,22)737710612(20,22)
(19,22)488488582(19,23)
(20,22)495654632(21,22)
(20,22)2143763958(20,23)
(21,22)1674849603(22,22)
(21,22)1047849626(21,23)
(22,22)324221213(23,22)
(22,22)274248950(22,23)
(23,22)713034662(24,22)
(23,22)447751952(23,23)
(24,22)143862318(25,22)
(24,22)1307338121(24,23)
(25,22)85645749(26,22)
(25,22)1159071814(25,23)
(26,22)1211095699(27,22)
(26,22)1025942959(26,23)
(27,22)514754701(28,22)
(27,22)1450312698(27,23)
(28,22)1699467021(29,22)
(28,22)1457889764(28,23)
(29,22)962799415(29,23)
(0,23)974691051(1,23)
(0,23)2136488155(0,24)
(1,23)160577682(2,23)
(1,23)1686026486(1,24)
(2,23)565562151(3,23)
(2,23)2003430474(2,24)
(3,23)2101164906(4,23)
(3,23)927277647(3,24)
(4,23)688696010(5,23)
(4,23)837760124(4,24)
(5,23)1575470736(6,23)
(5,23)442169840(5,24)
(6,23)937824473(7,23)
(6,23)684976320(6,24)
(7,23)212342275(8,23)
(7,23)475836714(7,24)
(8,23)800057927(9,23)
(8,23)1212073423(8,24)
(9,23)1925108085(10,23)
(9,23)660094228(9,24)
(10,23)803956546(11,23)
(10,23)2107396049(10,24)
(11,23)45558150(12,23)
(11,23)936696251(11,24)
(12,23)308303(13,23)
(12,23)1829899505(12,24)
(13,23)197170558(14,23)
(13,23)1495870848(13,24)
(14,23)1047854221(15,23)
(14,23)1458198067(14,24)
(15,23)1447202574(16,23)
(15,23)1159969973(15,24)
(16,23)698512811(17,23)
(16,23)2022545272(16,24)
(17,23)1878492098(18,23)
(17,23)1607780257(17,24)
(18,23)387574256(19,23)
(18,23)1264074963(18,24)
(19,23)2101835087(20,23)
(19,23)1832173356(19,24)
(20,23)126859549(21,23)
(20,23)1076270266(20,24)
(21,23)1761246586(22,23)
(21,23)1529822175(21,24)
(22,23)2005658889(23,23)
(22,23)1064684022(22,24)
(23,23)129273797(24,23)
(23,23)1973588862(23,24)
(24,23)486199442(25,23)
(24,23)658233168(24,24)
(25,23)618145569(26,23)
(25,23)2054381882(25,24)
(26,23)843594486(27,23)
(26,23)1290155988(26,24)
(27,23)972571845(28,23)
(27,23)663703719(27,24)
(28,23)12090919(29,23)
(28,23)843902789(28,24)
(29,23)1169742403(29,24)
(0,24)1059945140(1,24)
(0,24)154617208(0,25)
(1,24)1601819782(2,24)
(1,24)182228728(1,25)
(2,24)880741540(3,24)
(2,24)935006764(2,25)
(3,24)666015215(4,24)
(3,24)1062116391(3,25)
(4,24)1449690647(5,24)
(4,24)2144816503(4,25)
(5,24)2099167942(6,24)
(5,24)350704923(5,25)
(6,24)477564472(7,24)
(6,24)378477265(6,25)
(7,24)2139723852(8,24)
(7,24)1481506469(7,25)
(8,24)1339681710(9,24)
(8,24)1542248494(8,25)
(9,24)1671522291(10,24)
(9,24)1965829066(9,25)
(10,24)304544860(11,24)
(10,24)1997914878(10,25)
(11,24)468576800(12,24)
(11,24)1578420526(11,25)
(12,24)274531364(13,24)
(12,24)1594700848(12,25)
(13,24)419789045(14,24)
(13,24)1132280519(13,25)
(14,24)1144371439(15,24)
(14,24)1118434153(14,25)
(15,24)1273051361(16,24)
(15,24)1589531448(15,25)
(16,24)1771760176(17,24)
(16,24)56832931(16,25)
(17,24)991839696(18,24)
(17,24)727387495(17,25)
(18,24)1789503887(19,24)
(18,24)505018068(18,25)
(19,24)502350923(20,24)
(19,24)1657854911(19,25)
(20,24)2008559834(21,24)
(20,24)1091710886(20,25)
(21,24)1470188152(22,24)
(21,24)454035217(21,25)
(22,24)1935541686(23,24)
(22,24)338640659(22,25)
(23,24)1880889153(24,24)
(23,24)1462428356(23,25)
(24,24)1280773774(25,24)
(24,24)1127739748(24,25)
(25,24)978170979(26,24)
(25,24)1404927797(25,25)
(26,24)835864675(27,24)
(26,24)1585318634(26,25)
(27,24)1032535834(28,24)
(27,24)1446747779(27,25)
(28,24)431544650(29,24)
(28,24)1110396039(28,25)
(29,24)1452324879(29,25)
(0,25)1575916089(1,25)
(0,25)81346544(0,26)
(1,25)1354397905(2,25)
(1,25)894372679(1,26)
(2,25)518649207(3,25)
(2,25)1632749021(2,26)
(3,25)477105069(4,25)
(3,25)2081785400(3,26)
(4,25)1723805639(5,25)
(4,25)1023667276(4,26)
(5,25)1526018199(6,25)
(5,25)2134959980(5,26)
(6,25)1996036166(7,25)
(6,25)668032878(6,26)
(7,25)2138221030(8,25)
(7,25)1980053417(7,26)
(8,25)1768111455(9,25)
(8,25)187193177(8,26)
(9,25)2068082331(10,25)
(9,25)1453165738(9,26)
(10,25)586455864(11,25)
(10,25)748367556(10,26)
(11,25)1726538535(12,25)
(11,25)1325526480(11,26)
(12,25)13907507(13,25)
(12,25)24290850(12,26)
(13,25)1056826684(14,25)
(13,25)1025802666(13,26)
(14,25)1457347316(15,25)
(14,25)1124303546(14,26)
(15,25)1205650090(16,25)
(15,25)361667915(15,26)
(16,25)1256040594(17,25)
(16,25)885779758(16,26)
(17,25)371045131(18,25)
(17,25)412564347(17,26)
(18,25)346866099(19,25)
(18,25)1774689801(18,26)
(19,25)650873429(20,25)
(19,25)848150200(19,26)
(20,25)835626532(21,25)
(20,25)2070671739(20,26)
(21,25)591220969(22,25)
(21,25)29407981(21,26)
(22,25)2009461398(23,25)
(22,25)684179050(22,26)
(23,25)871372228(24,25)
(23,25)581958351(23,26)
(24,25)2035124089(25,25)
(24,25)1630089205(24,26)
(25,25)230973113(26,25)
(25,25)791970911(25,26)
(26,25)2117497391(27,25)
(26,25)474096305(26,26)
(27,25)498387155(28,25)
(27,25)1957511648(27,26)
(28,25)835830666(29,25)
(28,25)2131404898(28,26)
(29,25)1555213839(29,26)
(0,26)145694335(1,26)
(0,26)1108224796(0,27)
(1,26)166391238(2,26)
(1,26)1916881754(1,27)
(2,26)1025438700(3,26)
(2,26)1031474093(2,27)
(3,26)1402519224(4,26)
(3,26)578955585(3,27)
(4,26)925821684(5,26)
(4,26)652644853(4,27)
(5,26)1303518283(6,26)
(5,26)103185776(5,27)
(6,26)938812308(7,26)
(6,26)849009775(6,27)
(7,26)1440230744(8,26)
(7,26)1332926264(7,27)
(8,26)1194904014(9,26)
(8,26)1622991358(8,27)
(9,26)346879938(10,26)
(9,26)2022189095(9,27)
(10,26)1909829536(11,26)
(10,26)677509571(10,27)
(11,26)908482685(12,26)
(11,26)1138850849(11,27)
(12,26)1108864592(13,26)
(12,26)236442193(12,27)
(13,26)734829348(14,26)
(13,26)718510685(13,27)
(14,26)1554341352(15,26)
(14,26)1092785842(14,27)
(15,26)53526990(16,26)
(15,26)142559539(15,27)
(16,26)2059441293(17,26)
(16,26)1700035687(16,27)
(17,26)584026132(18,26)
(17,26)219918228(17,27)
(18,26)798873813(19,26)
(18,26)937396345(18,27)
(19,26)1590041199(20,26)
(19,26)1986545356(19,27)
(20,26)2089731132(21,26)
(20,26)1724695498(20,27)
(21,26)426221625(22,26)
(21,26)746075834(21,27)
(22,26)2079002098(23,26)
(22,26)881059792(22,27)
(23,26)356567502(24,26)
(23,26)1866452370(23,27)
(24,26)1741157817(25,26)
(24,26)1126422464(24,27)
(25,26)1803932035(26,26)
(25,26)703447441(25,27)
(26,26)1842298290(27,26)
(26,26)1503503706(26,27)
(27,26)1739945899(28,26)
(27,26)564931072(27,27)
(28,26)1283441758(29,26)
(28,26)803679235(28,27)
(29,26)327291600(29,27)
(0,27)690299462(1,27)
(0,27)1896465077(0,28)
(1,27)1949992068(2,27)
(1,27)469851139(1,28)
(2,27)381808785(3,27)
(2,27)242851501(2,28)
(3,27)826877633(4,27)
(3,27)22426648(3,28)
(4,27)821300462(5,27)
(4,27)1319205130(4,28)
(5,27)761762681(6,27)
(5,27)665939341(5,28)
(6,27)608186825(7,27)
(6,27)398512312(6,28)
(7,27)824733937(8,27)
(7,27)1507838515(7,28)
(8,27)1439356965(9,27)
(8,27)1489246617(8,28)
(9,27)1845814119(10,27)
(9,27)543702659(9,28)
(10,27)137376829(11,27)
(10,27)418295781(10,28)
(11,27)74744169(12,27)
(11,27)401777912(11,28)
(12,27)96592555(13,27)
(12,27)1640880535(12,28)
(13,27)1233342786(14,27)
(13,27)639675241(13,28)
(14,27)1923116999(15,27)
(14,27)900271790(14,28)
(15,27)649253219(16,27)
(15,27)1560634386(15,28)
(16,27)2030485526(17,27)
(16,27)465932813(16,28)
(17,27)708784314(18,27)
(17,27)451761639(17,28)
(18,27)474188288(19,27)
(18,27)264810663(18,28)
(19,27)1584015793(20,27)
(19,27)1535661947(19,28)
(20,27)54117640(21,27)
(20,27)1295488750(20,28)
(21,27)1694001062(22,27)
(21,27)198294827(21,28)
(22,27)1706133342(23,27)
(22,27)662304465(22,28)
(23,27)4067434(24,27)
(23,27)371251351(23,28)
(24,27)914954011(25,27)
(24,27)998006660(24,28)
(25,27)1416302441(26,27)
(25,27)1849881554(25,28)
(26,27)104175818(27,27)
(26,27)1052330840(26,28)
(27,27)545727727(28,27)
(27,27)1491046610(27,28)
(28,27)2130721852(29,27)
(28,27)200768373(28,28)
(29,27)1779070513(29,28)
(0,28)1906355203(1,28)
(0,28)1101040163(0,29)
(1,28)1750293383(2,28)
(1,28)1192221252(1,29)
(2,28)1075223130(3,28)
(2,28)224804369(2,29)
(3,28)933588683(4,28)
(3,28)54571374(3,29)
(4,28)528759662(5,28)
(4,28)1340033793(4,29)
(5,28)776565938(6,28)
(5,28)321766983(5,29)
(6,28)375884623(7,28)
(6,28)1824248412(6,29)
(7,28)1370765826(8,28)
(7,28)974860765(7,29)
(8,28)533510460(9,28)
(8,28)1038189089(8,29)
(9,28)1042256523(10,28)
(9,28)1742017178(9,29)
(10,28)509487541(11,28)
(10,28)1531517120(10,29)
(11,28)800335913(12,28)
(11,28)744654429(11,29)
(12,28)848830248(13,28)
(12,28)1561818381(12,29)
(13,28)2107546108(14,28)
(13,28)143898876(13,29)
(14,28)127137080(15,28)
(14,28)1049598621(14,29)
(15,28)3155137(16,28)
(15,28)1739132973(15,29)
(16,28)783870577(17,28)
(16,28)2033492283(16,29)
(17,28)110813004(18,28)
(17,28)1753448520(17,29)
(18,28)1808019894(19,28)
(18,28)1859093707(18,29)
(19,28)1051643852(20,28)
(19,28)1044401688(19,29)
(20,28)1366168671(21,28)
(20,28)189295909(20,29)
(21,28)2013544321(22,28)
(21,28)1828209791(21,29)
(22,28)655586908(23,28)
(22,28)1742053294(22,29)
(23,28)632758735(24,28)
(23,28)1236826500(23,29)
(24,28)831360030(25,28)
(24,28)1189097368(24,29)
(25,28)573130840(26,28)
(25,28)1675015259(25,29)
(26,28)272186040(27,28)
(26,28)1340847571(26,29)
(27,28)755182304(28,28)
(27,28)1373466754(27,29)
(28,28)1517365630(29,28)
(28,28)1121016288(28,29)
(29,28)715244764(29,29)
(0,29)1644502710(1,29)
(0,29)23131262(0,30)
(1,29)26286399(2,29)
(1,29)306894089(1,30)
(2,29)1090764667(3,29)
(2,29)1530511345(2,30)
(3,29)1641324350(4,29)
(3,29)1779734919(3,30)
(4,29)1440271165(5,29)
(4,29)802374726(4,30)
(5,29)1854018579(6,29)
(5,29)538242390(5,30)
(6,29)1904411061(7,29)
(6,29)1629567074(6,30)
(7,29)1495627748(8,29)
(7,29)1534744722(7,30)
(8,29)42847982(9,29)
(8,29)1498980707(8,30)
(9,29)2131739443(10,29)
(9,29)584970600(9,30)
(10,29)1416330630(11,29)
(10,29)1231945351(10,30)
(11,29)1805076191(12,29)
(11,29)1659271054(11,30)
(12,29)1931457094(13,29)
(12,29)609694553(12,30)
(13,29)1364876857(14,29)
(13,29)1031059297(13,30)
(14,29)400941279(15,29)
(14,29)904989735(14,30)
(15,29)928120997(16,29)
(15,29)2080121621(15,30)
(16,29)239532062(17,29)
(16,29)2045443989(16,30)
(17,29)1428471687(18,29)
(17,29)954407396(17,30)
(18,29)586658667(19,29)
(18,29)1330296729(18,30)
(19,29)2132671456(20,29)
(19,29)922312389(19,30)
(20,29)1460554779(21,29)
(20,29)2026929832(20,30)
(21,29)1509013259(22,29)
(21,29)1839206387(21,30)
(22,29)1226467461(23,29)
(22,29)1217482192(22,30)
(23,29)568979251(24,29)
(23,29)857157359(23,30)
(24,29)1442127959(25,29)
(24,29)1269315443(24,30)
(25,29)353777146(26,29)
(25,29)553235046(25,30)
(26,29)65022452(27,29)
(26,29)710974941(26,30)
(27,29)1320669494(28,29)
(27,29)11369690(27,30)
(28,29)1042428987(29,29)
(28,29)1996479547(28,30)
(29,29)538062703(29,30)
(0,30)1443370267(1,30)
(0,30)753985634(0,31)
(1,30)1682106631(2,30)
(1,30)470700676(1,31)
(2,30)710232738(3,30)
(2,30)1341330608(2,31)
(3,30)622318647(4,30)
(3,30)489030379(3,31)
(4,30)1075689046(5,30)
(4,30)2040529468(4,31)
(5,30)2025717276(6,30)
(5,30)1544631036(5,31)
(6,30)857702167(7,30)
(6,30)955135230(6,31)
(7,30)316664841(8,30)
(7,30)1717440015(7,31)
(8,30)796423828(9,30)
(8,30)2075184359(8,31)
(9,30)496679963(10,30)
(9,30)1173822200(9,31)
(10,30)468466511(11,30)
(10,30)2065739271(10,31)
(11,30)272032770(12,30)
(11,30)1049915009(11,31)
(12,30)1114937462(13,30)
(12,30)1179441452(12,31)
(13,30)352627298(14,30)
(13,30)283402460(13,31)
(14,30)1325831447(15,30)
(14,30)963933361(14,31)
(15,30)1717918995(16,30)
(15,30)890690001(15,31)
(16,30)1361390677(17,30)
(16,30)621718066(16,31)
(17,30)1963048675(18,30)
(17,30)1252541978(17,31)
(18,30)1741572357(19,30)
(18,30)2071623416(18,31)
(19,30)1964669236(20,30)
(19,30)437883674(19,31)
(20,30)1982514711(21,30)
(20,30)669777755(20,31)
(21,30)1624912985(22,30)
(21,30)1842902864(21,31)
(22,30)1412859231(23,30)
(22,30)692733230(22,31)
(23,30)620433942(24,30)
(23,30)1941577827(23,31)
(24,30)967916379(25,30)
(24,30)61799411(24,31)
(25,30)2127538682(26,30)
(25,30)1117113905(25,31)
(26,30)19545266(27,30)
(26,30)1436382891(26,31)
(27,30)468340695(28,30)
(27,30)252087804(27,31)
(28,30)535490264(29,30)
(28,30)1134482728(28,31)
(29,30)820967994(29,31)
(0,31)1861321712(1,31)
(0,31)2098416089(0,32)
(1,31)1668851436(2,31)
(1,31)1711657995(1,32)
(2,31)925565025(3,31)
(2,31)335556130(2,32)
(3,31)151121157(4,31)
(3,31)773909766(3,32)
(4,31)367998475(5,31)
(4,31)849704793(4,32)
(5,31)666890381(6,31)
(5,31)589004832(5,32)
(6,31)424035895(7,31)
(6,31)1037776230(6,32)
(7,31)515205568(8,31)
(7,31)362309597(7,32)
(8,31)1775168828(9,31)
(8,31)1116769125(8,32)
(9,31)1737203067(10,31)
(9,31)309299747(9,32)
(10,31)1277216126(11,31)
(10,31)1836968239(10,32)
(11,31)1817023273(12,31)
(11,31)706833324(11,32)
(12,31)726378591(13,31)
(12,31)566115369(12,32)
(13,31)1034456065(14,31)
(13,31)2069111078(13,32)
(14,31)457117694(15,31)
(14,31)1860861319(14,32)
(15,31)1811793761(16,31)
(15,31)1855424059(15,32)
(16,31)1419598406(17,31)
(16,31)170955758(16,32)
(17,31)506511889(18,31)
(17,31)1333161549(17,32)
(18,31)2107071316(19,31)
(18,31)197679783(18,32)
(19,31)1047384576(20,31)
(19,31)657633046(19,32)
(20,31)1246637878(21,31)
(20,31)327586143(20,32)
(21,31)1365362374(22,31)
(21,31)1714274957(21,32)
(22,31)2076584554(23,31)
(22,31)1670673773(22,32)
(23,31)639959251(24,31)
(23,31)1880567942(23,32)
(24,31)42384041(25,31)
(24,31)1704269734(24,32)
(25,31)1393754325(26,31)
(25,31)229678670(25,32)
(26,31)936511995(27,31)
(26,31)1319600167(26,32)
(27,31)1885715537(28,31)
(27,31)1063293951(27,32)
(28,31)984921381(29,31)
(28,31)1662890586(28,32)
(29,31)772687954(29,32)
(0,32)1442039075(1,32)
(0,32)1376268257(0,33)
(1,32)1040578370(2,32)
(1,32)480628365(1,33)
(2,32)1900226771(3,32)
(2,32)1612994834(2,33)
(3,32)2119506723(4,32)
(3,32)226256272(3,33)
(4,32)185843940(5,32)
(4,32)2097906555(4,33)
(5,32)997807483(6,32)
(5,32)629656121(5,33)
(6,32)1876294000(7,32)
(6,32)513430083(6,33)
(7,32)1878792457(8,32)
(7,32)564598793(7,33)
(8,32)493699699(9,32)
(8,32)1399484125(8,33)
(9,32)2039443376(10,32)
(9,32)1611876751(9,33)
(10,32)1654260792(11,32)
(10,32)50485786(10,33)
(11,32)1444240111(12,32)
(11,32)121638399(11,33)
(12,32)1058150394(13,32)
(12,32)826377312(12,33)
(13,32)564609201(14,32)
(13,32)360050414(13,33)
(14,32)1344971795(15,32)
(14,32)573557332(14,33)
(15,32)1949825589(16,32)
(15,32)1337297155(15,33)
(16,32)1817925520(17,32)
(16,32)639527223(16,33)
(17,32)105038409(18,32)
(17,32)842920312(17,33)
(18,32)1069176584(19,32)
(18,32)1570668643(18,33)
(19,32)1521091550(20,32)
(19,32)77061484(19,33)
(20,32)706717605(21,32)
(20,32)1255020524(20,33)
(21,32)1768450607(22,32)
(21,32)371415386(21,33)
(22,32)936014179(23,32)
(22,32)435527957(22,33)
(23,32)1835012083(24,32)
(23,32)1499759417(23,33)
(24,32)964152520(25,32)
(24,32)1429713878(24,33)
(25,32)1480199664(26,32)
(25,32)1726971811(25,33)
(26,32)1848610210(27,32)
(26,32)470929665(26,33)
(27,32)1297306977(28,32)
(27,32)776956128(27,33)
(28,32)1137006542(29,32)
(28,32)759276956(28,33)
(29,32)1861916178(29,33)
(0,33)334494690(1,33)
(0,33)1332834288(0,34)
(1,33)1135176230(2,33)
(1,33)1051729685(1,34)
(2,33)722171557(3,33)
(2,33)974021913(2,34)
(3,33)1079060322(4,33)
(3,33)1978096542(3,34)
(4,33)899789478(5,33)
(4,33)145356552(4,34)
(5,33)1666448103(6,33)
(5,33)1156121806(5,34)
(6,33)1862839411(7,33)
(6,33)7326354(6,34)
(7,33)1775776961(8,33)
(7,33)2037863489(7,34)
(8,33)826394020(9,33)
(8,33)150883721(8,34)
(9,33)1985895804(10,33)
(9,33)1128052730(9,34)
(10,33)2092205251(11,33)
(10,33)108624250(10,34)
(11,33)1588823915(12,33)
(11,33)1565383967(11,34)
(12,33)1266510530(13,33)
(12,33)415651268(12,34)
(13,33)1712958245(14,33)
(13,33)218296395(13,34)
(14,33)1355302937(15,33)
(14,33)2025787486(14,34)
(15,33)1211138127(16,33)
(15,33)1427390775(15,34)
(16,33)331636812(17,33)
(16,33)1689797627(16,34)
(17,33)516335892(18,33)
(17,33)198830709(17,34)
(18,33)29443603(19,33)
(18,33)1053808369(18,34)
(19,33)1199164921(20,33)
(19,33)1595396214(19,34)
(20,33)604034372(21,33)
(20,33)929233081(20,34)
(21,33)936559435(22,33)
(21,33)718129376(21,34)
(22,33)608509217(23,33)
(22,33)319390136(22,34)
(23,33)470273857(24,33)
(23,33)564852748(23,34)
(24,33)1692905479(25,33)
(24,33)1434903237(24,34)
(25,33)1543527488(26,33)
(25,33)308686013(25,34)
(26,33)1874069980(27,33)
(26,33)1637627082(26,34)
(27,33)2053278350(28,33)
(27,33)984867755(27,34)
(28,33)1203164150(29,33)
(28,33)993096862(28,34)
(29,33)1618752947(29,34)
(0,34)410983439(1,34)
(0,34)871400701(0,35)
(1,34)2082538828(2,34)
(1,34)898660074(1,35)
(2,34)1230296886(3,34)
(2,34)2100781067(2,35)
(3,34)469633311(4,34)
(3,34)133885889(3,35)
(4,34)163329492(5,34)
(4,34)136621607(4,35)
(5,34)1335786528(6,34)
(5,34)2065029526(5,35)
(6,34)521580250(7,34)
(6,34)1092562573(6,35)
(7,34)2029122008(8,34)
(7,34)2053915905(7,35)
(8,34)514941474(9,34)
(8,34)840970386(8,35)
(9,34)1311244243(10,34)
(9,34)446491108(9,35)
(10,34)2139396587(11,34)
(10,34)1949844712(10,35)
(11,34)1345888552(12,34)
(11,34)1619930256(11,35)
(12,34)1346516589(13,34)
(12,34)1629540021(12,35)
(13,34)1535334723(14,34)
(13,34)183272659(13,35)
(14,34)1386436809(15,34)
(14,34)192129803(14,35)
(15,34)1063530504(16,34)
(15,34)1006604022(15,35)
(16,34)1905264096(17,34)
(16,34)1797420248(16,35)
(17,34)1750717667(18,34)
(17,34)998585684(17,35)
(18,34)1132471573(19,34)
(18,34)988077334(18,35)
(19,34)1124698941(20,34)
(19,34)72867331(19,35)
(20,34)2137896857(21,34)
(20,34)1295801065(20,35)
(21,34)240879990(22,34)
(21,34)313001822(21,35)
(22,34)219434079(23,34)
(22,34)511993459(22,35)
(23,34)1352963846(24,34)
(23,34)122518350(23,35)
(24,34)569009459(25,34)
(24,34)734375553(24,35)
(25,34)536736617(26,34)
(25,34)516724441(25,35)
(26,34)2136654698(27,34)
(26,34)560922398(26,35)
(27,34)42978772(28,34)
(27,34)1882625169(27,35)
(28,34)2065897828(29,34)
(28,34)1335687639(28,35)
(29,34)1578313495(29,35)
(0,35)1304850989(1,35)
(0,35)1527817442(0,36)
(1,35)443864299(2,35)
(1,35)437433870(1,36)
(2,35)195214318(3,35)
(2,35)954787590(2,36)
(3,35)558021609(4,35)
(3,35)1442449983(3,36)
(4,35)427437909(5,35)
(4,35)1183291653(4,36)
(5,35)160506946(6,35)
(5,35)630888940(5,36)
(6,35)621302149(7,35)
(6,35)1723238974(6,36)
(7,35)1964118965(8,35)
(7,35)473508768(7,36)
(8,35)692942847(9,35)
(8,35)1133295609(8,36)
(9,35)338775807(10,35)
(9,35)2086637315(9,36)
(10,35)508163126(11,35)
(10,35)1427318401(10,36)
(11,35)1964055018(12,35)
(11,35)855500248(11,36)
(12,35)844671298(13,35)
(12,35)1069085525(12,36)
(13,35)1112064297(14,35)
(13,35)1699196540(13,36)
(14,35)1617610720(15,35)
(14,35)32875289(14,36)
(15,35)1560692732(16,35)
(15,35)542894144(15,36)
(16,35)980328014(17,35)
(16,35)774978062(16,36)
(17,35)1729765652(18,35)
(17,35)2004557031(17,36)
(18,35)1299523366(19,35)
(18,35)1175542333(18,36)
(19,35)211350338(20,35)
(19,35)140303613(19,36)
(20,35)771192554(21,35)
(20,35)1726961275(20,36)
(21,35)1302716602(22,35)
(21,35)371857284(21,36)
(22,35)845366053(23,35)
(22,35)1392494703(22,36)
(23,35)378306664(24,35)
(23,35)1119351919(23,36)
(24,35)1058505586(25,35)
(24,35)1538308900(24,36)
(25,35)818143653(26,35)
(25,35)717082471(25,36)
(26,35)1572582720(27,35)
(26,35)1566668713(26,36)
(27,35)488270590(28,35)
(27,35)634715024(27,36)
(28,35)186427916(29,35)
(28,35)269770370(28,36)
(29,35)1600334887(29,36)
(0,36)1804038636(1,36)
(0,36)302645660(0,37)
(1,36)1863338392(2,36)
(1,36)2143229031(1,37)
(2,36)976073398(3,36)
(2,36)431533050(2,37)
(3,36)13815054(4,36)
(3,36)1720411775(3,37)
(4,36)872451493(5,36)
(4,36)4132083(4,37)
(5,36)215482421(6,36)
(5,36)154118668(5,37)
(6,36)925311222(7,36)
(6,36)451929121(6,37)
(7,36)1754645723(8,36)
(7,36)587339705(7,37)
(8,36)1432705758(9,36)
(8,36)170322277(8,37)
(9,36)548628942(10,36)
(9,36)726513994(9,37)
(10,36)1785019580(11,36)
(10,36)823531011(10,37)
(11,36)1641674664(12,36)
(11,36)1265711413(11,37)
(12,36)690810485(13,36)
(12,36)1204204645(12,37)
(13,36)1692475235(14,36)
(13,36)128906040(13,37)
(14,36)315333956(15,36)
(14,36)960580856(14,37)
(15,36)1263226516(16,36)
(15,36)1145326474(15,37)
(16,36)1141071858(17,36)
(16,36)2119372593(16,37)
(17,36)403421995(18,36)
(17,36)979081260(17,37)
(18,36)552009387(19,36)
(18,36)2117145256(18,37)
(19,36)2121277339(20,36)
(19,36)417237050(19,37)
(20,36)571355718(21,36)
(20,36)1424460880(20,37)
(21,36)1876390001(22,36)
(21,36)189276112(21,37)
(22,36)776615817(23,36)
(22,36)1496666940(22,37)
(23,36)1666989217(24,36)
(23,36)1483552076(23,37)
(24,36)62582422(25,36)
(24,36)61837928(24,37)
(25,36)885368939(26,36)
(25,36)68134511(25,37)
(26,36)1333845925(27,36)
(26,36)1847602003(26,37)
(27,36)904323000(28,36)
(27,36)379559955(27,37)
(28,36)508465996(29,36)
(28,36)2024656410(28,37)
(29,36)449314588(29,37)
(0,37)823799952(1,37)
(0,37)837753618(0,38)
(1,37)2100980134(2,37)
(1,37)1594641062(1,38)
(2,37)588229272(3,37)
(2,37)795688897(2,38)
(3,37)1199110893(4,37)
(3,37)932577746(3,38)
(4,37)1484587133(5,37)
(4,37)557890880(4,38)
(5,37)531684571(6,37)
(5,37)1616347943(5,38)
(6,37)40220013(7,37)
(6,37)761564366(6,38)
(7,37)490470719(8,37)
(7,37)720960683(7,38)
(8,37)1497576501(9,37)
(8,37)1536886953(8,38)
(9,37)1056392522(10,37)
(9,37)1974022796(9,38)
(10,37)2036605218(11,37)
(10,37)1559414429(10,38)
(11,37)297299720(12,37)
(11,37)1124527034(11,38)
(12,37)310889311(13,37)
(12,37)1736723573(12,38)
(13,37)493562926(14,37)
(13,37)676859675(13,38)
(14,37)1185325671(15,37)
(14,37)188062073(14,38)
(15,37)1025815692(16,37)
(15,37)942877514(15,38)
(16,37)390034928(17,37)
(16,37)2009125624(16,38)
(17,37)657330873(18,37)
(17,37)979312178(17,38)
(18,37)1911889925(19,37)
(18,37)978264201(18,38)
(19,37)1536155081(20,37)
(19,37)1856441766(19,38)
(20,37)1325306061(21,37)
(20,37)1248993410(20,38)
(21,37)2010557776(22,37)
(21,37)2067839653(21,38)
(22,37)641316688(23,37)
(22,37)1365526074(22,38)
(23,37)754929379(24,37)
(23,37)353544848(23,38)
(24,37)180083996(25,37)
(24,37)2138893189(24,38)
(25,37)1550823970(26,37)
(25,37)1811321902(25,38)
(26,37)788365288(27,37)
(26,37)69205566(26,38)
(27,37)1805929140(28,37)
(27,37)1848123690(27,38)
(28,37)377499718(29,37)
(28,37)1099254599(28,38)
(29,37)152008418(29,38)
(0,38)1562825389(1,38)
(0,38)1287316672(0,39)
(1,38)165648716(2,38)
(1,38)1094885932(1,39)
(2,38)1484920860(3,38)
(2,38)1424467365(2,39)
(3,38)2081798239(4,38)
(3,38)1144960895(3,39)
(4,38)909367172(5,38)
(4,38)315701413(4,39)
(5,38)1851856495(6,38)
(5,38)1790756357(5,39)
(6,38)968578771(7,38)
(6,38)10876934(6,39)
(7,38)2021434711(8,38)
(7,38)1772212500(7,39)
(8,38)266045540(9,38)
(8,38)186621197(8,39)
(9,38)941550577(10,38)
(9,38)227495911(9,39)
(10,38)407579907(11,38)
(10,38)257455082(10,39)
(11,38)1808279052(12,38)
(11,38)605388831(11,39)
(12,38)1393754119(13,38)
(12,38)476785473(12,39)
(13,38)135230965(14,38)
(13,38)1508919095(13,39)
(14,38)1886418813(15,38)
(14,38)345525070(14,39)
(15,38)1632841742(16,38)
(15,38)287239383(15,39)
(16,38)1382125315(17,38)
(16,38)1301760554(16,39)
(17,38)578744272(18,38)
(17,38)1798490459(17,39)
(18,38)795967706(19,38)
(18,38)719562528(18,39)
(19,38)1035263941(20,38)
(19,38)513058863(19,39)
(20,38)156331572(21,38)
(20,38)1705334878(20,39)
(21,38)1716211812(22,38)
(21,38)739636788(21,39)
(22,38)364365640(23,38)
(22,38)1124910343(22,39)
(23,38)1311531541(24,38)
(23,38)1590162875(23,39)
(24,38)1817658786(25,38)
(24,38)630411181(24,39)
(25,38)887866263(26,38)
(25,38)105598470(25,39)
(26,38)710987301(27,38)
(26,38)77755045(26,39)
(27,38)554540519(28,38)
(27,38)548661667(27,39)
(28,38)2057580762(29,38)
(28,38)2104741420(28,39)
(29,38)689771484(29,39)
(0,39)1796515927(1,39)
(0,39)302782842(0,40)
(1,39)1935624584(2,39)
(1,39)977010868(1,40)
(2,39)211652535(3,39)
(2,39)950792834(2,40)
(3,39)1529537106(4,39)
(3,39)1586631395(3,40)
(4,39)235115453(5,39)
(4,39)931215063(4,40)
(5,39)1966479005(6,39)
(5,39)2042595969(5,40)
(6,39)51443893(7,39)
(6,39)1940450331(6,40)
(7,39)1509178496(8,39)
(7,39)558632145(7,40)
(8,39)922997786(9,39)
(8,39)1176354237(8,40)
(9,39)340402130(10,39)
(9,39)951857723(9,40)
(10,39)622032862(11,39)
(10,39)1553408967(10,40)
(11,39)293791582(12,39)
(11,39)446000600(11,40)
(12,39)1156987901(13,39)
(12,39)699787907(12,40)
(13,39)1254328426(14,39)
(13,39)842453249(13,40)
(14,39)752550364(15,39)
(14,39)1114245673(14,40)
(15,39)1417028515(16,39)
(15,39)1944099911(15,40)
(16,39)773627131(17,39)
(16,39)401582643(16,40)
(17,39)1352375477(18,39)
(17,39)1205169451(17,40)
(18,39)644317199(19,39)
(18,39)985279666(18,40)
(19,39)1916494730(20,39)
(19,39)734428935(19,40)
(20,39)629541256(21,39)
(20,39)879432652(20,40)
(21,39)672399336(22,39)
(21,39)1735490087(21,40)
(22,39)146638584(23,39)
(22,39)680985150(22,40)
(23,39)1857339387(24,39)
(23,39)34094184(23,40)
(24,39)985951907(25,39)
(24,39)1069636370(24,40)
(25,39)475561689(26,39)
(25,39)50257869(25,40)
(26,39)496258469(27,39)
(26,39)1607984769(26,40)
(27,39)160289029(28,39)
(27,39)769353271(27,40)
(28,39)1611806521(29,39)
(28,39)1653246370(28,40)
(29,39)1414617455(29,40)
(0,40)216873237(1,40)
(0,40)620008395(0,41)
(1,40)2037036910(2,40)
(1,40)1211233718(1,41)
(2,40)1984860849(3,40)
(2,40)618455880(2,41)
(3,40)1970831358(4,40)
(3,40)1094722713(3,41)
(4,40)1739039912(5,40)
(4,40)822656868(4,41)
(5,40)591667950(6,40)
(5,40)557776645(5,41)
(6,40)1187317902(7,40)
(6,40)470988917(6,41)
(7,40)1143388253(8,40)
(7,40)179674389(7,41)
(8,40)326312973(9,40)
(8,40)1868303052(8,41)
(9,40)1578158791(10,40)
(9,40)1177482437(9,41)
(10,40)15950696(11,40)
(10,40)1395949344(10,41)
(11,40)1871511033(12,40)
(11,40)1628416660(11,41)
(12,40)2124675129(13,40)
(12,40)1623935466(12,41)
(13,40)1784224495(14,40)
(13,40)493380657(13,41)
(14,40)2105187178(15,40)
(14,40)1630437851(14,41)
(15,40)102962598(16,40)
(15,40)1051358302(15,41)
(16,40)115108373(17,40)
(16,40)174576767(16,41)
(17,40)793032647(18,40)
(17,40)2139999508(17,41)
(18,40)1087238573(19,40)
(18,40)2099969222(18,41)
(19,40)775142442(20,40)
(19,40)616380357(19,41)
(20,40)1174157003(21,40)
(20,40)678794838(20,41)
(21,40)1149783755(22,40)
(21,40)1366810392(21,41)
(22,40)1546484781(23,40)
(22,40)213991257(22,41)
(23,40)2082294309(24,40)
(23,40)145688360(23,41)
(24,40)1323170797(25,40)
(24,40)1872797755(24,41)
(25,40)1121263451(26,40)
(25,40)1512969452(25,41)
(26,40)993902464(27,40)
(26,40)1339121493(26,41)
(27,40)815573311(28,40)
(27,40)845290836(27,41)
(28,40)1338671493(29,40)
(28,40)971093945(28,41)
(29,40)452314158(29,41)
(0,41)1296375023(1,41)
(0,41)454048148(0,42)
(1,41)557010746(2,41)
(1,41)1503672461(1,42)
(2,41)1618780834(3,41)
(2,41)1470951790(2,42)
(3,41)116500790(4,41)
(3,41)549526606(3,42)
(4,41)1636765179(5,41)
(4,41)1571266408(4,42)
(5,41)198925203(6,41)
(5,41)732881147(5,42)
(6,41)1907038150(7,41)
(6,41)168076369(6,42)
(7,41)1317860124(8,41)
(7,41)1565735595(7,42)
(8,41)964736729(9,41)
(8,41)2121029407(8,42)
(9,41)2055840068(10,41)
(9,41)1463548484(9,42)
(10,41)639235633(11,41)
(10,41)690050836(10,42)
(11,41)1811314287(12,41)
(11,41)1421325872(11,42)
(12,41)267744688(13,41)
(12,41)1978357127(12,42)
(13,41)646446790(14,41)
(13,41)509121475(13,42)
(14,41)1847792969(15,41)
(14,41)1238838633(14,42)
(15,41)1692886781(16,41)
(15,41)1098760949(15,42)
(16,41)454949762(17,41)
(16,41)996684344(16,42)
(17,41)320152487(18,41)
(17,41)102413879(17,42)
(18,41)651940485(19,41)
(18,41)2073730596(18,42)
(19,41)1497513356(20,41)
(19,41)436653277(19,42)
(20,41)1169534424(21,41)
(20,41)141222017(20,42)
(21,41)309298386(22,41)
(21,41)1696438559(21,42)
(22,41)1114690507(23,41)
(22,41)929088927(22,42)
(23,41)902634686(24,41)
(23,41)1627158511(23,42)
(24,41)943223347(25,41)
(24,41)2079427236(24,42)
(25,41)621994424(26,41)
(25,41)810991107(25,42)
(26,41)84833331(27,41)
(26,41)1582458981(26,42)
(27,41)1413332460(28,41)
(27,41)285825063(27,42)
(28,41)794946538(29,41)
(28,41)352578020(28,42)
(29,41)2059779250(29,42)
(0,42)495255859(1,42)
(0,42)1591416653(0,43)
(1,42)1136819787(2,42)
(1,42)1011056551(1,43)
(2,42)1466006313(3,42)
(2,42)1491940204(2,43)
(3,42)1812092691(4,42)
(3,42)1239233666(3,43)
(4,42)1891174152(5,42)
(4,42)1392253261(4,43)
(5,42)742282970(6,42)
(5,42)101262320(5,43)
(6,42)1270796744(7,42)
(6,42)2032396169(6,43)
(7,42)194210907(8,42)
(7,42)291237881(7,43)
(8,42)1405928388(9,42)
(8,42)52402023(8,43)
(9,42)955036710(10,42)
(9,42)1821369418(9,43)
(10,42)617109118(11,42)
(10,42)1337871976(10,43)
(11,42)1959866400(12,42)
(11,42)1766027817(11,43)
(12,42)1850861148(13,42)
(12,42)52084451(12,43)
(13,42)1465416911(14,42)
(13,42)98207815(13,43)
(14,42)893154354(15,42)
(14,42)55955520(14,43)
(15,42)1647372174(16,42)
(15,42)1377712513(15,43)
(16,42)241285417(17,42)
(16,42)1388410213(16,43)
(17,42)732866769(18,42)
(17,42)636708313(17,43)
(18,42)1875941979(19,42)
(18,42)1707291730(18,43)
(19,42)952061344(20,42)
(19,42)397475812(19,43)
(20,42)498738132(21,42)
(20,42)1619632483(20,43)
(21,42)1504545004(22,42)
(21,42)1694344314(21,43)
(22,42)1985582195(23,42)
(22,42)1769534877(22,43)
(23,42)1821936900(24,42)
(23,42)1698755912(23,43)
(24,42)1372641682(25,42)
(24,42)1244026936(24,43)
(25,42)434415264(26,42)
(25,42)629489962(25,43)
(26,42)248034131(27,42)
(26,42)1989750800(26,43)
(27,42)2041835251(28,42)
(27,42)246798017(27,43)
(28,42)345005832(29,42)
(28,42)2098895280(28,43)
(29,42)1359768514(29,43)
(0,43)1238160186(1,43)
(0,43)7367152(0,44)
(1,43)1654739326(2,43)
(1,43)589997380(1,44)
(2,43)831282797(3,43)
(2,43)479086752(2,44)
(3,43)1211953521(4,43)
(3,43)143963991(3,44)
(4,43)2019905971(5,43)
(4,43)391090879(4,44)
(5,43)1343152223(6,43)
(5,43)1609429334(5,44)
(6,43)2108167466(7,43)
(6,43)1492054806(6,44)
(7,43)849116163(8,43)
(7,43)890012889(7,44)
(8,43)728111437(9,43)
(8,43)1730218695(8,44)
(9,43)1404671948(10,43)
(9,43)400388427(9,44)
(10,43)1773030109(11,43)
(10,43)1972138373(10,44)
(11,43)259069989(12,43)
(11,43)2034161910(11,44)
(12,43)134712394(13,43)
(12,43)1615297262(12,44)
(13,43)1509648865(14,43)
(13,43)505868006(13,44)
(14,43)850873839(15,43)
(14,43)86124026(14,44)
(15,43)93491178(16,43)
(15,43)721933732(15,44)
(16,43)1311931112(17,43)
(16,43)2089034025(16,44)
(17,43)420637129(18,43)
(17,43)1748230505(17,44)
(18,43)1892194496(19,43)
(18,43)2143213909(18,44)
(19,43)386821140(20,43)
(19,43)1632590651(19,44)
(20,43)1094536337(21,43)
(20,43)1764616819(20,44)
(21,43)1109187978(22,43)
(21,43)1729973364(21,44)
(22,43)472502605(23,43)
(22,43)1055220155(22,44)
(23,43)637955203(24,43)
(23,43)1958304141(23,44)
(24,43)211208920(25,43)
(24,43)1200614042(24,44)
(25,43)1025268767(26,43)
(25,43)2042627151(25,44)
(26,43)1929305413(27,43)
(26,43)1984239029(26,44)
(27,43)1452052643(28,43)
(27,43)1284338757(27,44)
(28,43)1790206763(29,43)
(28,43)2064017807(28,44)
(29,43)814217861(29,44)
(0,44)493596954(1,44)
(0,44)2658185(0,45)
(1,44)96149364(2,44)
(1,44)1536151593(1,45)
(2,44)700599057(3,44)
(2,44)435147332(2,45)
(3,44)855784461(4,44)
(3,44)1844379869(3,45)
(4,44)1589090717(5,44)
(4,44)696329318(4,45)
(5,44)1083150458(6,44)
(5,44)340891464(5,45)
(6,44)1435427801(7,44)
(6,44)1206223889(6,45)
(7,44)167928219(8,44)
(7,44)665640174(7,45)
(8,44)1138142780(9,44)
(8,44)343164309(8,45)
(9,44)981119512(10,44)
(9,44)2126232360(9,45)
(10,44)189957632(11,44)
(10,44)191273174(10,45)
(11,44)1216541942(12,44)
(11,44)876263015(11,45)
(12,44)658084780(13,44)
(12,44)26713013(12,45)
(13,44)1478765657(14,44)
(13,44)353397051(13,45)
(14,44)2143603814(15,44)
(14,44)574618940(14,45)
(15,44)577277125(16,44)
(15,44)145499870(15,45)
(16,44)1681651463(17,44)
(16,44)489717121(16,45)
(17,44)924864453(18,44)
(17,44)673426489(17,45)
(18,44)370322710(19,44)
(18,44)234766872(18,45)
(19,44)931096190(20,44)
(19,44)1780648914(19,45)
(20,44)2121540379(21,44)
(20,44)1959413428(20,45)
(21,44)1018153669(22,44)
(21,44)2014246648(21,45)
(22,44)532403175(23,44)
(22,44)1409484532(22,45)
(23,44)1752648841(24,44)
(23,44)1186081888(23,45)
(24,44)1164830600(25,44)
(24,44)1670545955(24,45)
(25,44)1861819129(26,44)
(25,44)586284705(25,45)
(26,44)1462547720(27,44)
(26,44)1354788232(26,45)
(27,44)1381501245(28,44)
(27,44)930877423(27,45)
(28,44)1284274474(29,44)
(28,44)2120632501(28,45)
(29,44)712783254(29,45)
(0,45)1280394641(1,45)
(0,45)547767793(0,46)
(1,45)1125044918(2,45)
(1,45)858283124(1,46)
(2,45)392450939(3,45)
(2,45)1770111762(2,46)
(3,45)547492567(4,45)
(3,45)1798471408(3,46)
(4,45)21310470(5,45)
(4,45)627217811(4,46)
(5,45)1558314001(6,45)
(5,45)180657833(5,46)
(6,45)154714564(7,45)
(6,45)1980723898(6,46)
(7,45)851393919(8,45)
(7,45)1425077002(7,46)
(8,45)1957480177(9,45)
(8,45)1564199097(8,46)
(9,45)1169364290(10,45)
(9,45)2037475807(9,46)
(10,45)1054822759(11,45)
(10,45)1480542484(10,46)
(11,45)1194877965(12,45)
(11,45)1755648996(11,46)
(12,45)1070713068(13,45)
(12,45)262127343(12,46)
(13,45)1643628589(14,45)
(13,45)2125755389(13,46)
(14,45)1262546215(15,45)
(14,45)1043861921(14,46)
(15,45)1591629714(16,45)
(15,45)208928195(15,46)
(16,45)1067211320(17,45)
(16,45)395457208(16,46)
(17,45)18085322(18,45)
(17,45)569190985(17,46)
(18,45)220178745(19,45)
(18,45)1459662259(18,46)
(19,45)2086880071(20,45)
(19,45)565577889(19,46)
(20,45)746235723(21,45)
(20,45)241489215(20,46)
(21,45)74729466(22,45)
(21,45)1497710424(21,46)
(22,45)775303778(23,45)
(22,45)900950287(22,46)
(23,45)317665736(24,45)
(23,45)926123385(23,46)
(24,45)816115545(25,45)
(24,45)585300307(24,46)
(25,45)2065842791(26,45)
(25,45)1487030027(25,46)
(26,45)1095195375(27,45)
(26,45)1870938304(26,46)
(27,45)2133065648(28,45)
(27,45)1113237109(27,46)
(28,45)1091508850(29,45)
(28,45)18424795(28,46)
(29,45)1629210589(29,46)
(0,46)206571417(1,46)
(0,46)1062286717(0,47)
(1,46)506432783(2,46)
(1,46)1838138784(1,47)
(2,46)757866456(3,46)
(2,46)602028626(2,47)
(3,46)620113948(4,46)
(3,46)1075623768(3,47)
(4,46)1295802513(5,46)
(4,46)70045068(4,47)
(5,46)9441491(6,46)
(5,46)1185691838(5,47)
(6,46)1931927561(7,46)
(6,46)1537291729(6,47)
(7,46)1612021195(8,46)
(7,46)1507151915(7,47)
(8,46)134972046(9,46)
(8,46)685394200(8,47)
(9,46)1003059937(10,46)
(9,46)390660932(9,47)
(10,46)1206776477(11,46)
(10,46)720272353(10,47)
(11,46)638631497(12,46)
(11,46)342606316(11,47)
(12,46)1437801691(13,46)
(12,46)930231134(12,47)
(13,46)915813134(14,46)
(13,46)1751868606(13,47)
(14,46)695893808(15,46)
(14,46)1456226486(14,47)
(15,46)371029555(16,46)
(15,46)397540075(15,47)
(16,46)88195211(17,46)
(16,46)902465225(16,47)
(17,46)1504493851(18,46)
(17,46)877462339(17,47)
(18,46)1953086107(19,46)
(18,46)846061668(18,47)
(19,46)916106736(20,46)
(19,46)2124607800(19,47)
(20,46)1162815990(21,46)
(20,46)1101404973(20,47)
(21,46)491213054(22,46)
(21,46)925548227(21,47)
(22,46)285216494(23,46)
(22,46)947259903(22,47)
(23,46)1632654103(24,46)
(23,46)2103234249(23,47)
(24,46)346411533(25,46)
(24,46)420188540(24,47)
(25,46)1140460894(26,46)
(25,46)488230392(25,47)
(26,46)830836708(27,46)
(26,46)1553188011(26,47)
(27,46)335935497(28,46)
(27,46)1779092391(27,47)
(28,46)1383477349(29,46)
(28,46)121154751(28,47)
(29,46)1251748631(29,47)
(0,47)2079371157(1,47)
(0,47)1577381238(0,48)
(1,47)1948410793(2,47)
(1,47)1649288706(1,48)
(2,47)1737483917(3,47)
(2,47)834352734(2,48)
(3,47)191362938(4,47)
(3,47)678389484(3,48)
(4,47)483991944(5,47)
(4,47)436061937(4,48)
(5,47)1352168673(6,47)
(5,47)168487090(5,48)
(6,47)1331303080(7,47)
(6,47)1585396917(6,48)
(7,47)2076609971(8,47)
(7,47)130233252(7,48)
(8,47)415449747(9,47)
(8,47)131079335(8,48)
(9,47)1763733438(10,47)
(9,47)2032360572(9,48)
(10,47)231288457(11,47)
(10,47)835638287(10,48)
(11,47)1976099181(12,47)
(11,47)104480183(11,48)
(12,47)935316891(13,47)
(12,47)1784476468(12,48)
(13,47)2120411965(14,47)
(13,47)1607707924(13,48)
(14,47)843701625(15,47)
(14,47)1056471643(14,48)
(15,47)486369233(16,47)
(15,47)1224676948(15,48)
(16,47)726482006(17,47)
(16,47)775589134(16,48)
(17,47)1609941869(18,47)
(17,47)287296378(17,48)
(18,47)965685863(19,47)
(18,47)316482276(18,48)
(19,47)752544213(20,47)
(19,47)1801304807(19,48)
(20,47)1969791897(21,47)
(20,47)1449677807(20,48)
(21,47)887591076(22,47)
(21,47)2104712887(21,48)
(22,47)87462491(23,47)
(22,47)1153611329(22,48)
(23,47)1284690664(24,47)
(23,47)816717399(23,48)
(24,47)701594323(25,47)
(24,47)502912238(24,48)
(25,47)1338550526(26,47)
(25,47)900940454(25,48)
(26,47)1005420637(27,47)
(26,47)932882780(26,48)
(27,47)569875601(28,47)
(27,47)1167166059(27,48)
(28,47)627390336(29,47)
(28,47)1940737529(28,48)
(29,47)542803918(29,48)
(0,48)1471091961(1,48)
(0,48)849725524(0,49)
(1,48)1336094757(2,48)
(1,48)1767480867(1,49)
(2,48)346479225(3,48)
(2,48)99197448(2,49)
(3,48)1709139317(4,48)
(3,48)1623391135(3,49)
(4,48)441593350(5,48)
(4,48)662961501(4,49)
(5,48)1415505715(6,48)
(5,48)1362960476(5,49)
(6,48)1185268725(7,48)
(6,48)1891271157(6,49)
(7,48)631378585(8,48)
(7,48)1372734954(7,49)
(8,48)1460197445(9,48)
(8,48)191396406(8,49)
(9,48)1476087070(10,48)
(9,48)1448095984(9,49)
(10,48)2206659(11,48)
(10,48)1963109684(10,49)
(11,48)1154176562(12,48)
(11,48)229543876(11,49)
(12,48)1234964514(13,48)
(12,48)935089440(12,49)
(13,48)1504965041(14,48)
(13,48)173858973(13,49)
(14,48)801249309(15,48)
(14,48)1028218395(14,49)
(15,48)1877943919(16,48)
(15,48)2047768959(15,49)
(16,48)1667766178(17,48)
(16,48)124857623(16,49)
(17,48)224055071(18,48)
(17,48)1066555028(17,49)
(18,48)542462515(19,48)
(18,48)2014245404(18,49)
(19,48)529723257(20,48)
(19,48)1933194388(19,49)
(20,48)1148671216(21,48)
(20,48)984055866(20,49)
(21,48)727843375(22,48)
(21,48)1945228972(21,49)
(22,48)1170480278(23,48)
(22,48)186456293(22,49)
(23,48)377852699(24,48)
(23,48)1359221961(23,49)
(24,48)659834297(25,48)
(24,48)483194076(24,49)
(25,48)298820112(26,48)
(25,48)1853939769(25,49)
(26,48)2083483645(27,48)
(26,48)662040957(26,49)
(27,48)1597130397(28,48)
(27,48)1452996674(27,49)
(28,48)1626855647(29,48)
(28,48)1170964511(28,49)
(29,48)954611790(29,49)
(0,49)51699258(1,49)
(1,49)280621309(2,49)
(2,49)854897101(3,49)
(3,49)1929643177(4,49)
(4,49)405478932(5,49)
(5,49)375179632(6,49)
(6,49)848714557(7,49)
(7,49)629534003(8,49)
(8,49)241941388(9,49)
(9,49)1391177073(10,49)
(10,49)415244743(11,49)
(11,49)771664645(12,49)
(12,49)227749291(13,49)
(13,49)1563915959(14,49)
(14,49)569409970(15,49)
(15,49)955592666(16,49)
(16,49)1750372252(17,49)
(17,49)1739890248(18,49)
(18,49)167330979(19,49)
(19,49)2128224951(20,49)
(20,49)75600676(21,49)
(21,49)827165277(22,49)
(22,49)1834681072(23,49)
(23,49)374420788(24,49)
(24,49)1489206234(25,49)
(25,49)1770681069(26,49)
(26,49)1827417462(27,49)
(27,49)938852983(28,49)
(28,49)794161933(29,49)
