50 30
(0,0)99788765(1,0)
(0,0)590011675(0,1)
(1,0)171864072(2,0)
(1,0)2131925610(1,1)
(2,0)171035632(3,0)
(2,0)317159276(2,1)
(3,0)963050649(4,0)
(3,0)602511920(3,1)
(4,0)1919854381(5,0)
(4,0)1069979073(4,1)
(5,0)589806848(6,0)
(5,0)33661026(5,1)
(6,0)475191198(7,0)
(6,0)2086105860(6,1)
(7,0)550050020(8,0)
(7,0)894416410(7,1)
(8,0)583787226(9,0)
(8,0)780437020(8,1)
(9,0)550277486(10,0)
(9,0)893281828(9,1)
(10,0)990569005(11,0)
(10,0)650366414(10,1)
(11,0)612872373(12,0)
(11,0)968873679(11,1)
(12,0)1764676460(13,0)
(12,0)163967331(12,1)
(13,0)841258873(14,0)
(13,0)2072834383(13,1)
(14,0)2082417967(15,0)
(14,0)802348052(14,1)
(15,0)1392359727(16,0)
(15,0)1025141346(15,1)
(16,0)1009583308(17,0)
(16,0)34723084(16,1)
(17,0)351882361(18,0)
(17,0)1564223799(17,1)
(18,0)19252071(19,0)
(18,0)1180618940(18,1)
(19,0)103114365(20,0)
(19,0)1314933010(19,1)
(20,0)1348594037(21,0)
(20,0)1939106453(20,1)
(21,0)1877728665(22,0)
(21,0)692921213(21,1)
(22,0)1587337623(23,0)
(22,0)1823785235(22,1)
(23,0)456738607(24,0)
(23,0)280295037(23,1)
(24,0)1173576865(25,0)
(24,0)23641201(24,1)
(25,0)674007615(26,0)
(25,0)1007016093(25,1)
(26,0)1975889773(27,0)
(26,0)16662222(26,1)
(27,0)180629553(28,0)
(27,0)1286879988(27,1)
(28,0)1212230723(29,0)
(28,0)1593082585(28,1)
(29,0)247946989(30,0)
(29,0)1021888427(29,1)
(30,0)2047029773(31,0)
(30,0)1147165042(30,1)
(31,0)1181888127(32,0)
(31,0)1640306716(31,1)
(32,0)1057046868(33,0)
(32,0)909129433(32,1)
(33,0)2089748373(34,0)
(33,0)1533770488(33,1)
(34,0)701219850(35,0)
(34,0)1076298939(34,1)
(35,0)867921744(36,0)
(35,0)45379090(35,1)
(36,0)738300303(37,0)
(36,0)2049813887(36,1)
(37,0)1726115474(38,0)
(37,0)598166761(37,1)
(38,0)878461798(39,0)
(38,0)178154278(38,1)
(39,0)201795479(40,0)
(39,0)35370433(39,1)
(40,0)1042386527(41,0)
(40,0)2052038663(40,1)
(41,0)2068700886(42,0)
(41,0)875803094(41,1)
(42,0)15199434(43,0)
(42,0)870792652(42,1)
(43,0)316391589(44,0)
(43,0)101846791(43,1)
(44,0)1123735218(45,0)
(44,0)1227430158(44,1)
(45,0)227111552(46,0)
(45,0)564338578(45,1)
(46,0)57161646(47,0)
(46,0)1023281343(46,1)
(47,0)1932410776(48,0)
(47,0)1408999679(47,1)
(48,0)795286519(49,0)
(48,0)1114208514(48,1)
(49,0)1874675501(49,1)
(0,1)1496506370(1,1)
(0,1)43023806(0,2)
(1,1)910945550(2,1)
(1,1)1920054591(1,2)
(2,1)510871246(3,1)
(2,1)1398836609(2,2)
(3,1)977468436(4,1)
(3,1)1509112312(3,2)
(4,1)240090462(5,1)
(4,1)689025524(4,2)
(5,1)890821003(6,1)
(5,1)1012838869(5,2)
(6,1)2055225396(7,1)
(6,1)144645478(6,2)
(7,1)65862716(8,1)
(7,1)1766624097(7,2)
(8,1)1781823532(9,1)
(8,1)778534400(8,2)
(9,1)1094925989(10,1)
(9,1)167709507(9,2)
(10,1)1291444726(11,1)
(10,1)861770042(10,2)
(11,1)1088881594(12,1)
(11,1)1659264567(11,2)
(12,1)1716426214(13,1)
(12,1)167242421(12,2)
(13,1)2099653198(14,1)
(13,1)350397626(13,2)
(14,1)1145684145(15,1)
(14,1)683151080(14,2)
(15,1)726174886(16,1)
(15,1)1826845051(15,2)
(16,1)1599415995(17,1)
(16,1)494706867(16,2)
(17,1)1893543477(18,1)
(17,1)1637120437(17,2)
(18,1)998749101(19,1)
(18,1)2110287241(18,2)
(19,1)651829118(20,1)
(19,1)723528265(19,2)
(20,1)1736367134(21,1)
(20,1)1238839563(20,2)
(21,1)1383485041(22,1)
(21,1)1542650121(21,2)
(22,1)1161790571(23,1)
(22,1)1644108883(22,2)
(23,1)275159635(24,1)
(23,1)1449347757(23,2)
(24,1)1617057265(25,1)
(24,1)796130455(24,2)
(25,1)1657900497(26,1)
(25,1)1370085625(25,2)
(26,1)881866544(27,1)
(26,1)761018343(26,2)
(27,1)928260764(28,1)
(27,1)599298443(27,2)
(28,1)949696069(29,1)
(28,1)450809110(28,2)
(29,1)1133960191(30,1)
(29,1)880430314(29,2)
(30,1)559791718(31,1)
(30,1)2095380215(30,2)
(31,1)442603434(32,1)
(31,1)1860135077(31,2)
(32,1)1349771866(33,1)
(32,1)11724065(32,2)
(33,1)2122011306(34,1)
(33,1)188663263(33,2)
(34,1)912191528(35,1)
(34,1)201037319(34,2)
(35,1)1439876883(36,1)
(35,1)626356776(35,2)
(36,1)21523250(37,1)
(36,1)501075015(36,2)
(37,1)2145183898(38,1)
(37,1)675878276(37,2)
(38,1)2125226034(39,1)
(38,1)1183313821(38,2)
(39,1)1979444276(40,1)
(39,1)272859885(39,2)
(40,1)1642945510(41,1)
(40,1)1594799651(40,2)
(41,1)208334346(42,1)
(41,1)1489861125(41,2)
(42,1)2089159568(43,1)
(42,1)377328407(42,2)
(43,1)828137517(44,1)
(43,1)1136595110(43,2)
(44,1)2017025425(45,1)
(44,1)891371990(44,2)
(45,1)839268557(46,1)
(45,1)1962097708(45,2)
(46,1)1674749138(47,1)
(46,1)429333495(46,2)
(47,1)441057560(48,1)
(47,1)1281871991(47,2)
(48,1)1470535255(49,1)
(48,1)877037356(48,2)
(49,1)415585218(49,2)
(0,2)235243135(1,2)
(0,2)1078074676(0,3)
(1,2)370467911(2,2)
(1,2)1041941995(1,3)
(2,2)1063465245(3,2)
(2,2)736318150(2,3)
(3,2)734018400(4,2)
(3,2)1046346187(3,3)
(4,2)1024088573(5,2)
(4,2)99295418(4,3)
(5,2)2078739694(6,2)
(5,2)1006878286(5,3)
(6,2)502340148(7,2)
(6,2)471404576(6,3)
(7,2)679738922(8,2)
(7,2)1421117171(7,3)
(8,2)1362793091(9,2)
(8,2)879668555(8,3)
(9,2)1707806073(10,2)
(9,2)1816334033(9,3)
(10,2)1685875810(11,2)
(10,2)106681433(10,3)
(11,2)945949990(12,2)
(11,2)1522420133(11,3)
(12,2)1049685623(13,2)
(12,2)2115209305(12,3)
(13,2)408783217(14,2)
(13,2)80338334(13,3)
(14,2)1550873589(15,2)
(14,2)1926722980(14,3)
(15,2)857314008(16,2)
(15,2)824368435(15,3)
(16,2)1866310430(17,2)
(16,2)1786116724(16,3)
(17,2)374951227(18,2)
(17,2)1227781919(17,3)
(18,2)126644458(19,2)
(18,2)782292027(18,3)
(19,2)881587445(20,2)
(19,2)1108969627(19,3)
(20,2)2115847913(21,2)
(20,2)1150733032(20,3)
(21,2)1622137608(22,2)
(21,2)812843491(21,3)
(22,2)86477014(23,2)
(22,2)470704414(22,3)
(23,2)1350372969(24,2)
(23,2)154392883(23,3)
(24,2)1970726916(25,2)
(24,2)1449270106(24,3)
(25,2)1555951539(26,2)
(25,2)910695394(25,3)
(26,2)285631880(27,2)
(26,2)1509119078(26,3)
(27,2)1476844735(28,2)
(27,2)354417882(27,3)
(28,2)434756216(29,2)
(28,2)1335317503(28,3)
(29,2)1114556835(30,2)
(29,2)1885627952(29,3)
(30,2)562512739(31,2)
(30,2)1985629805(30,3)
(31,2)1624262881(32,2)
(31,2)1971870843(31,3)
(32,2)1052169114(33,2)
(32,2)281339522(32,3)
(33,2)1063631549(34,2)
(33,2)1999214108(33,3)
(34,2)960700088(35,2)
(34,2)1178813573(34,3)
(35,2)182062957(36,2)
(35,2)1945218995(35,3)
(36,2)610578838(37,2)
(36,2)929064353(36,3)
(37,2)1399768767(38,2)
(37,2)1804200565(37,3)
(38,2)1958593448(39,2)
(38,2)697055853(38,3)
(39,2)2146325959(40,2)
(39,2)602658089(39,3)
(40,2)1513353483(41,2)
(40,2)1781836716(40,3)
(41,2)1143472146(42,2)
(41,2)1554793850(41,3)
(42,2)1909211732(43,2)
(42,2)1798985363(42,3)
(43,2)986819219(44,2)
(43,2)472833233(43,3)
(44,2)210977537(45,2)
(44,2)196484300(44,3)
(45,2)34630457(46,2)
(45,2)2101376054(45,3)
(46,2)1925763250(47,2)
(46,2)773490277(46,3)
(47,2)1054829799(48,2)
(47,2)1658893339(47,3)
(48,2)1510623799(49,2)
(48,2)830448716(48,3)
(49,2)2118461348(49,3)
(0,3)323840239(1,3)
(0,3)2009262289(0,4)
(1,3)43841598(2,3)
(1,3)1916196695(1,4)
(2,3)379291886(3,3)
(2,3)1252904593(2,4)
(3,3)505189712(4,3)
(3,3)1848042164(3,4)
(4,3)1659151964(5,3)
(4,3)1076347739(4,4)
(5,3)1075190050(6,3)
(5,3)1107847801(5,4)
(6,3)473717637(7,3)
(6,3)1293505033(6,4)
(7,3)289493531(8,3)
(7,3)482500252(7,4)
(8,3)244228337(9,3)
(8,3)125219352(8,4)
(9,3)1112038571(10,3)
(9,3)762326765(9,4)
(10,3)973304302(11,3)
(10,3)440712637(10,4)
(11,3)475343095(12,3)
(11,3)1065930978(11,4)
(12,3)844210580(13,3)
(12,3)1746794579(12,4)
(13,3)654140730(14,3)
(13,3)2134236434(13,4)
(14,3)1497376585(15,3)
(14,3)1674659296(14,4)
(15,3)1536437938(16,3)
(15,3)625118431(15,4)
(16,3)393831478(17,3)
(16,3)1821216825(16,4)
(17,3)926637770(18,3)
(17,3)1580279536(17,4)
(18,3)1280838052(19,3)
(18,3)773123364(18,4)
(19,3)1849471103(20,3)
(19,3)1431827482(19,4)
(20,3)392191636(21,3)
(20,3)792506369(20,4)
(21,3)2086011402(22,3)
(21,3)777177505(21,4)
(22,3)1259677758(23,3)
(22,3)865909273(22,4)
(23,3)991128625(24,3)
(23,3)228021285(23,4)
(24,3)990348050(25,3)
(24,3)1503906095(24,4)
(25,3)1944618732(26,3)
(25,3)2103167197(25,4)
(26,3)1021614527(27,3)
(26,3)1963652353(26,4)
(27,3)1562963284(28,3)
(27,3)272478179(27,4)
(28,3)259230965(29,3)
(28,3)1865825107(28,4)
(29,3)1393000755(30,3)
(29,3)69620367(29,4)
(30,3)694738798(31,3)
(30,3)1756607551(30,4)
(31,3)1430340728(32,3)
(31,3)781955045(31,4)
(32,3)214750934(33,3)
(32,3)1088570276(32,4)
(33,3)1861693641(34,3)
(33,3)209494850(33,4)
(34,3)1641322332(35,3)
(34,3)1495588986(34,4)
(35,3)140611707(36,3)
(35,3)1563681096(35,4)
(36,3)193374954(37,3)
(36,3)2033513968(36,4)
(37,3)751939593(38,3)
(37,3)79139461(37,4)
(38,3)307160747(39,3)
(38,3)1453052712(38,4)
(39,3)809475159(40,3)
(39,3)1743068219(39,4)
(40,3)1698751768(41,3)
(40,3)1297508797(40,4)
(41,3)1113677502(42,3)
(41,3)606610243(41,4)
(42,3)879088423(43,3)
(42,3)572882647(42,4)
(43,3)291224106(44,3)
(43,3)529157139(43,4)
(44,3)598777506(45,3)
(44,3)1138319388(44,4)
(45,3)747443291(46,3)
(45,3)1684224861(45,4)
(46,3)318696259(47,3)
(46,3)1293516304(46,4)
(47,3)234602932(48,3)
(47,3)30300371(47,4)
(48,3)239795221(49,3)
(48,3)533447193(48,4)
(49,3)2096296573(49,4)
(0,4)1881117554(1,4)
(0,4)2029036179(0,5)
(1,4)22164239(2,4)
(1,4)1512494022(1,5)
(2,4)1705868976(3,4)
(2,4)1767147874(2,5)
(3,4)371603820(4,4)
(3,4)101303700(3,5)
(4,4)408464447(5,4)
(4,4)1011438040(4,5)
(5,4)1820913199(6,4)
(5,4)2114672039(5,5)
(6,4)1665940159(7,4)
(6,4)1705973245(6,5)
(7,4)672167099(8,4)
(7,4)280039794(7,5)
(8,4)1159128217(9,4)
(8,4)91339158(8,5)
(9,4)382563264(10,4)
(9,4)1201324238(9,5)
(10,4)1800101744(11,4)
(10,4)149963958(10,5)
(11,4)897407249(12,4)
(11,4)2066788125(11,5)
(12,4)238000736(13,4)
(12,4)946134400(12,5)
(13,4)1180737333(14,4)
(13,4)927707621(13,5)
(14,4)1167502842(15,4)
(14,4)771447929(14,5)
(15,4)653000461(16,4)
(15,4)1129550258(15,5)
(16,4)494560632(17,4)
(16,4)901136748(16,5)
(17,4)520800975(18,4)
(17,4)675164700(17,5)
(18,4)776468400(19,4)
(18,4)52945960(18,5)
(19,4)1064384000(20,4)
(19,4)892404795(19,5)
(20,4)859593186(21,4)
(20,4)1184932848(20,5)
(21,4)743422445(22,4)
(21,4)737813551(21,5)
(22,4)1017853346(23,4)
(22,4)378049697(22,5)
(23,4)469388855(24,4)
(23,4)1415589544(23,5)
(24,4)469430135(25,4)
(24,4)29497915(24,5)
(25,4)179461873(26,4)
(25,4)851952119(25,5)
(26,4)771256596(27,4)
(26,4)122048231(26,5)
(27,4)1068182632(28,4)
(27,4)1076869123(27,5)
(28,4)2004576744(29,4)
(28,4)1009257333(28,5)
(29,4)1780705262(30,4)
(29,4)101436317(29,5)
(30,4)1230986575(31,4)
(30,4)1024595938(30,5)
(31,4)1925732687(32,4)
(31,4)286222075(31,5)
(32,4)961386775(33,4)
(32,4)1725547208(32,5)
(33,4)1778493168(34,4)
(33,4)299050014(33,5)
(34,4)1191454809(35,4)
(34,4)1737855176(34,5)
(35,4)775304376(36,4)
(35,4)695393521(35,5)
(36,4)1433207072(37,4)
(36,4)2051047995(36,5)
(37,4)281614044(38,4)
(37,4)1518726821(37,5)
(38,4)786832717(39,4)
(38,4)303576770(38,5)
(39,4)333074686(40,4)
(39,4)751002899(39,5)
(40,4)1602955018(41,4)
(40,4)1256262852(40,5)
(41,4)1378311084(42,4)
(41,4)512536559(41,5)
(42,4)1589405682(43,4)
(42,4)226727966(42,5)
(43,4)1235985299(44,4)
(43,4)299010068(43,5)
(44,4)400446385(45,4)
(44,4)1446498778(44,5)
(45,4)323611069(46,4)
(45,4)869206914(45,5)
(46,4)1155428989(47,4)
(46,4)1631432960(46,5)
(47,4)1209496520(48,4)
(47,4)101860108(47,5)
(48,4)400910122(49,4)
(48,4)2116815765(48,5)
(49,4)840506041(49,5)
(0,5)1592364931(1,5)
(0,5)1707187293(0,6)
(1,5)335008021(2,5)
(1,5)1535899562(1,6)
(2,5)821622986(3,5)
(2,5)1495929278(2,6)
(3,5)1777543322(4,5)
(3,5)1853734842(3,6)
(4,5)493083911(5,5)
(4,5)1125199757(4,6)
(5,5)1458274443(6,5)
(5,5)381062573(5,6)
(6,5)1984017591(7,5)
(6,5)1749346764(6,6)
(7,5)980174200(8,5)
(7,5)1970811002(7,6)
(8,5)1412733037(9,5)
(8,5)63261909(8,6)
(9,5)1299247209(10,5)
(9,5)1279184268(9,6)
(10,5)1679630653(11,5)
(10,5)711748167(10,6)
(11,5)1035359236(12,5)
(11,5)20970475(11,6)
(12,5)1176399464(13,5)
(12,5)1163579965(12,6)
(13,5)225592838(14,5)
(13,5)1137219344(13,6)
(14,5)1538129466(15,5)
(14,5)1145731581(14,6)
(15,5)705435226(16,5)
(15,5)1066098879(15,6)
(16,5)454514793(17,5)
(16,5)983010749(16,6)
(17,5)331456379(18,5)
(17,5)1040443247(17,6)
(18,5)746694441(19,5)
(18,5)1276137779(18,6)
(19,5)253853888(20,5)
(19,5)2108999701(19,6)
(20,5)342578626(21,5)
(20,5)1239778353(20,6)
(21,5)841641469(22,5)
(21,5)1712128331(21,6)
(22,5)1535455686(23,5)
(22,5)179112569(22,6)
(23,5)242374479(24,5)
(23,5)1821815669(23,6)
(24,5)953516289(25,5)
(24,5)800705075(24,6)
(25,5)1512453242(26,5)
(25,5)1541621688(25,6)
(26,5)1562592163(27,5)
(26,5)485663294(26,6)
(27,5)1649243259(28,5)
(27,5)400328831(27,6)
(28,5)1537548175(29,5)
(28,5)591507979(28,6)
(29,5)1737239561(30,5)
(29,5)1874836097(29,6)
(30,5)793451328(31,5)
(30,5)928193994(30,6)
(31,5)1911204743(32,5)
(31,5)295191139(31,6)
(32,5)1335634387(33,5)
(32,5)1247966121(32,6)
(33,5)376620253(34,5)
(33,5)95177475(33,6)
(34,5)56693528(35,5)
(34,5)2082328828(34,6)
(35,5)1174623533(36,5)
(35,5)630474141(35,6)
(36,5)195118825(37,5)
(36,5)399272155(36,6)
(37,5)578384724(38,5)
(37,5)2016265002(37,6)
(38,5)1690597023(39,5)
(38,5)1730574511(38,6)
(39,5)383795938(40,5)
(39,5)820759203(39,6)
(40,5)214897243(41,5)
(40,5)496629664(40,6)
(41,5)982292958(42,5)
(41,5)1896249180(41,6)
(42,5)149094363(43,5)
(42,5)1777489406(42,6)
(43,5)221513738(44,5)
(43,5)484052570(43,6)
(44,5)211405019(45,5)
(44,5)1686642539(44,6)
(45,5)467352885(46,5)
(45,5)1958753299(45,6)
(46,5)106460790(47,5)
(46,5)1004856348(46,6)
(47,5)105338821(48,5)
(47,5)231073980(47,6)
(48,5)326251455(49,5)
(48,5)1442095177(48,6)
(49,5)481959074(49,6)
(0,6)382944984(1,6)
(0,6)1376940358(0,7)
(1,6)404080243(2,6)
(1,6)1112433216(1,7)
(2,6)1307552041(3,6)
(2,6)782217139(2,7)
(3,6)1360601863(4,6)
(3,6)272861598(3,7)
(4,6)1963458621(5,6)
(4,6)890642904(4,7)
(5,6)1274438842(6,6)
(5,6)33877419(5,7)
(6,6)248774662(7,6)
(6,6)312604638(6,7)
(7,6)1294897596(8,6)
(7,6)1023204374(7,7)
(8,6)1172298738(9,6)
(8,6)2026264069(8,7)
(9,6)100294159(10,6)
(9,6)1778950166(9,7)
(10,6)1990355186(11,6)
(10,6)711457629(10,7)
(11,6)1178810514(12,6)
(11,6)2059047458(11,7)
(12,6)18024600(13,6)
(12,6)847727886(12,7)
(13,6)953066707(14,6)
(13,6)1409884494(13,7)
(14,6)1736135950(15,6)
(14,6)1460119778(14,7)
(15,6)689576488(16,6)
(15,6)1435025782(15,7)
(16,6)399975350(17,6)
(16,6)2119080934(16,7)
(17,6)753814425(18,6)
(17,6)1093656731(17,7)
(18,6)1366518329(19,6)
(18,6)1707527391(18,7)
(19,6)450686647(20,6)
(19,6)2114416288(19,7)
(20,6)810059(21,6)
(20,6)1182493303(20,7)
(21,6)1495097941(22,6)
(21,6)1725125489(21,7)
(22,6)600846215(23,6)
(22,6)249584722(22,7)
(23,6)128365143(24,6)
(23,6)642511889(23,7)
(24,6)273978408(25,6)
(24,6)1773144953(24,7)
(25,6)337118934(26,6)
(25,6)228659302(25,7)
(26,6)140223112(27,6)
(26,6)116849946(26,7)
(27,6)964577832(28,6)
(27,6)1515929448(27,7)
(28,6)778330295(29,6)
(28,6)158247712(28,7)
(29,6)1618367490(30,6)
(29,6)1917644539(29,7)
(30,6)1205186673(31,6)
(30,6)366982597(30,7)
(31,6)338579883(32,6)
(31,6)160460330(31,7)
(32,6)1254117062(33,6)
(32,6)1605162023(32,7)
(33,6)1165205766(34,6)
(33,6)1092394308(33,7)
(34,6)1059326948(35,6)
(34,6)473151743(34,7)
(35,6)1655645046(36,6)
(35,6)1615892413(35,7)
(36,6)1193534254(37,6)
(36,6)1060137008(36,7)
(37,6)1309721730(38,6)
(37,6)1003259339(37,7)
(38,6)1645771229(39,6)
(38,6)1794380470(38,7)
(39,6)1420041775(40,6)
(39,6)1438086873(39,7)
(40,6)1666746175(41,6)
(40,6)1919749637(40,7)
(41,6)2036599583(42,6)
(41,6)1757160710(41,7)
(42,6)1125606510(43,6)
(42,6)1806969287(42,7)
(43,6)1965216999(44,6)
(43,6)853693767(43,7)
(44,6)623854658(45,6)
(44,6)1903936805(44,7)
(45,6)123435754(46,6)
(45,6)1436100842(45,7)
(46,6)1596561172(47,6)
(46,6)1829041332(46,7)
(47,6)1286719707(48,6)
(47,6)462015637(47,7)
(48,6)1554409945(49,6)
(48,6)703194586(48,7)
(49,6)304441826(49,7)
(0,7)466253246(1,7)
(0,7)1176346330(0,8)
(1,7)684507728(2,7)
(1,7)1920334239(1,8)
(2,7)966384846(3,7)
(2,7)1526390254(2,8)
(3,7)688628336(4,7)
(3,7)1687767068(3,8)
(4,7)1186054649(5,7)
(4,7)613281668(4,8)
(5,7)2033323443(6,7)
(5,7)2126715209(5,8)
(6,7)1645977736(7,7)
(6,7)958320638(6,8)
(7,7)847436573(8,7)
(7,7)1643000505(7,8)
(8,7)621123368(9,7)
(8,7)1305463375(8,8)
(9,7)1123196726(10,7)
(9,7)1701130340(9,8)
(10,7)177501350(11,7)
(10,7)377576525(10,8)
(11,7)501012280(12,7)
(11,7)411813920(11,8)
(12,7)2008375093(13,7)
(12,7)2006542682(12,8)
(13,7)1145778742(14,7)
(13,7)963027917(13,8)
(14,7)369954215(15,7)
(14,7)564086031(14,8)
(15,7)1740432361(16,7)
(15,7)1450220568(15,8)
(16,7)1223071159(17,7)
(16,7)836207461(16,8)
(17,7)215114067(18,7)
(17,7)277456442(17,8)
(18,7)1965223510(19,7)
(18,7)41972357(18,8)
(19,7)655254025(20,7)
(19,7)903742403(19,8)
(20,7)882973964(21,7)
(20,7)1003794511(20,8)
(21,7)1962115149(22,7)
(21,7)541093821(21,8)
(22,7)36610678(23,7)
(22,7)381468052(22,8)
(23,7)1686931427(24,7)
(23,7)662068074(23,8)
(24,7)215714766(25,7)
(24,7)657734046(24,8)
(25,7)1035310572(26,7)
(25,7)662644505(25,8)
(26,7)1074458426(27,7)
(26,7)393216116(26,8)
(27,7)252275151(28,7)
(27,7)1536322852(27,8)
(28,7)351867121(29,7)
(28,7)935349871(28,8)
(29,7)1499435902(30,7)
(29,7)1398053893(29,8)
(30,7)700790813(31,7)
(30,7)721821336(30,8)
(31,7)1558028797(32,7)
(31,7)1092384616(31,8)
(32,7)1369841058(33,7)
(32,7)1923861972(32,8)
(33,7)1965834330(34,7)
(33,7)1773142864(33,8)
(34,7)529401619(35,7)
(34,7)1187580920(34,8)
(35,7)43891783(36,7)
(35,7)473604707(35,8)
(36,7)1014698528(37,7)
(36,7)1412375583(36,8)
(37,7)1793843635(38,7)
(37,7)2006006932(37,8)
(38,7)520591358(39,7)
(38,7)1051309207(38,8)
(39,7)1709043253(40,7)
(39,7)1333291414(39,8)
(40,7)1995935920(41,7)
(40,7)736306124(40,8)
(41,7)1129522240(42,7)
(41,7)596870177(41,8)
(42,7)2133193029(43,7)
(42,7)922910698(42,8)
(43,7)1858260569(44,7)
(43,7)1381797391(43,8)
(44,7)632367636(45,7)
(44,7)337576503(44,8)
(45,7)1059397839(46,7)
(45,7)1210212823(45,8)
(46,7)155113791(47,7)
(46,7)1333158449(46,8)
(47,7)1109536774(48,7)
(47,7)469942989(47,8)
(48,7)95602205(49,7)
(48,7)1524954849(48,8)
(49,7)927887456(49,8)
(0,8)625003825(1,8)
(0,8)565052121(0,9)
(1,8)608943904(2,8)
(1,8)1401492163(1,9)
(2,8)268707044(3,8)
(2,8)2037379408(2,9)
(3,8)1683739396(4,8)
(3,8)467467188(3,9)
(4,8)988058546(5,8)
(4,8)1320016251(4,9)
(5,8)881575856(6,8)
(5,8)869547162(5,9)
(6,8)717999434(7,8)
(6,8)1724364670(6,9)
(7,8)706403263(8,8)
(7,8)1478446034(7,9)
(8,8)1464155415(9,8)
(8,8)1640910132(8,9)
(9,8)1351687053(10,8)
(9,8)2088200654(9,9)
(10,8)573084643(11,8)
(10,8)1801731918(10,9)
(11,8)713646110(12,8)
(11,8)414416229(11,9)
(12,8)569530020(13,8)
(12,8)1906243092(12,9)
(13,8)868296218(14,8)
(13,8)1183589099(13,9)
(14,8)1279191304(15,8)
(14,8)2094484870(14,9)
(15,8)512053343(16,8)
(15,8)1796183674(15,9)
(16,8)1050192190(17,8)
(16,8)1904195129(16,9)
(17,8)1794090890(18,8)
(17,8)1120997248(17,9)
(18,8)1588464436(19,8)
(18,8)1318899234(18,9)
(19,8)491431837(20,8)
(19,8)1330346638(19,9)
(20,8)52410152(21,8)
(20,8)429039335(20,9)
(21,8)5920357(22,8)
(21,8)1373007693(21,9)
(22,8)703970079(23,8)
(22,8)770409587(22,9)
(23,8)263836071(24,8)
(23,8)712323620(23,9)
(24,8)653040627(25,8)
(24,8)20641847(24,9)
(25,8)1822373765(26,8)
(25,8)1615523125(25,9)
(26,8)2029939354(27,8)
(26,8)1226125270(26,9)
(27,8)984884714(28,8)
(27,8)388536227(27,9)
(28,8)1572125326(29,8)
(28,8)451985726(28,9)
(29,8)398986948(30,8)
(29,8)1853180933(29,9)
(30,8)1501880959(31,8)
(30,8)703832983(30,9)
(31,8)460544464(32,8)
(31,8)911040292(31,9)
(32,8)2032037540(33,8)
(32,8)404589501(32,9)
(33,8)1723488735(34,8)
(33,8)107151706(33,9)
(34,8)1437498344(35,8)
(34,8)1473018328(34,9)
(35,8)1902057663(36,8)
(35,8)67436924(35,9)
(36,8)1440444618(37,8)
(36,8)1489908497(36,9)
(37,8)112834436(38,8)
(37,8)1907978021(37,9)
(38,8)472817993(39,8)
(38,8)2144414697(38,9)
(39,8)17572896(40,8)
(39,8)376670507(39,9)
(40,8)1992193632(41,8)
(40,8)1125858620(40,9)
(41,8)204500242(42,8)
(41,8)1839946662(41,9)
(42,8)80999241(43,8)
(42,8)1874649338(42,9)
(43,8)179151417(44,8)
(43,8)1189384957(43,9)
(44,8)895082242(45,8)
(44,8)1653124568(44,9)
(45,8)209473903(46,8)
(45,8)578138365(45,9)
(46,8)1489178657(47,8)
(46,8)249479553(46,9)
(47,8)654069055(48,8)
(47,8)670018367(47,9)
(48,8)777170074(49,8)
(48,8)1373732549(48,9)
(49,8)230074142(49,9)
(0,9)67184770(1,9)
(0,9)699267230(0,10)
(1,9)453841245(2,9)
(1,9)297511067(1,10)
(2,9)1737955685(3,9)
(2,9)1557093267(2,10)
(3,9)1669927703(4,9)
(3,9)214335618(3,10)
(4,9)687153612(5,9)
(4,9)1734886734(4,10)
(5,9)1752459631(6,9)
(5,9)2046598211(5,10)
(6,9)1891308195(7,9)
(6,9)1813012232(6,10)
(7,9)2017512475(8,9)
(7,9)1444922645(7,10)
(8,9)1525921886(9,9)
(8,9)1618473886(8,10)
(9,9)1797625303(10,9)
(9,9)1059413784(9,10)
(10,9)1954496026(11,9)
(10,9)1031562806(10,10)
(11,9)1241036709(12,9)
(11,9)228280020(11,10)
(12,9)1717458678(13,9)
(12,9)56491931(12,10)
(13,9)710560986(14,9)
(13,9)1911055077(13,10)
(14,9)540741503(15,9)
(14,9)943707579(14,10)
(15,9)1642974809(16,9)
(15,9)940635129(15,10)
(16,9)1238146196(17,9)
(16,9)607926273(16,10)
(17,9)17535893(18,9)
(17,9)2096816055(17,10)
(18,9)163668025(19,9)
(18,9)828618233(18,10)
(19,9)416021319(20,9)
(19,9)1687463596(19,10)
(20,9)1586578159(21,9)
(20,9)850821637(20,10)
(21,9)516350222(22,9)
(21,9)20997302(21,10)
(22,9)1465919947(23,9)
(22,9)1330402707(22,10)
(23,9)801392945(24,9)
(23,9)386379049(23,10)
(24,9)1445792833(25,9)
(24,9)844358186(24,10)
(25,9)1875920992(26,9)
(25,9)451534600(25,10)
(26,9)679814620(27,9)
(26,9)1252805211(26,10)
(27,9)1309297142(28,9)
(27,9)969474054(27,10)
(28,9)733045483(29,9)
(28,9)249789650(28,10)
(29,9)1193497230(30,9)
(29,9)2019858129(29,10)
(30,9)813009610(31,9)
(30,9)1273786986(30,10)
(31,9)1881713259(32,9)
(31,9)688988391(31,10)
(32,9)638320798(33,9)
(32,9)2051155806(32,10)
(33,9)732290391(34,9)
(33,9)1899249152(33,10)
(34,9)1439229101(35,9)
(34,9)801988824(34,10)
(35,9)1652810461(36,9)
(35,9)1148311710(35,10)
(36,9)1169309013(37,9)
(36,9)878323612(36,10)
(37,9)61242671(38,9)
(37,9)21677035(37,10)
(38,9)408056084(39,9)
(38,9)487745312(38,10)
(39,9)1332103498(40,9)
(39,9)862635616(39,10)
(40,9)1314170216(41,9)
(40,9)1853848917(40,10)
(41,9)959170480(42,9)
(41,9)1060540843(41,10)
(42,9)2030014897(43,9)
(42,9)1993984837(42,10)
(43,9)96290839(44,9)
(43,9)120983975(43,10)
(44,9)2140842104(45,9)
(44,9)615576732(44,10)
(45,9)1889363718(46,9)
(45,9)1289788069(45,10)
(46,9)1978776461(47,9)
(46,9)806368066(46,10)
(47,9)710040224(48,9)
(47,9)1623593329(47,10)
(48,9)1375358834(49,9)
(48,9)469613611(48,10)
(49,9)1442330615(49,10)
(0,10)667104287(1,10)
(0,10)1271602435(0,11)
(1,10)776929249(2,10)
(1,10)443158677(1,11)
(2,10)1612467690(3,10)
(2,10)1545427899(2,11)
(3,10)1606670571(4,10)
(3,10)798606284(3,11)
(4,10)1206662369(5,10)
(4,10)2100213003(4,11)
(5,10)1284832853(6,10)
(5,10)321822539(5,11)
(6,10)1635992756(7,10)
(6,10)913027638(6,11)
(7,10)1872198119(8,10)
(7,10)197890048(7,11)
(8,10)80421297(9,10)
(8,10)1482493945(8,11)
(9,10)1578784784(10,10)
(9,10)1993182094(9,11)
(10,10)1986540550(11,10)
(10,10)695998029(10,11)
(11,10)437878099(12,10)
(11,10)721089206(11,11)
(12,10)552382019(13,10)
(12,10)645424968(12,11)
(13,10)1355465192(14,10)
(13,10)2061471429(13,11)
(14,10)1289346615(15,10)
(14,10)1021995630(14,11)
(15,10)146114418(16,10)
(15,10)650312159(15,11)
(16,10)1093470836(17,10)
(16,10)1956450902(16,11)
(17,10)1354395153(18,10)
(17,10)923043667(17,11)
(18,10)1721649951(19,10)
(18,10)558454879(18,11)
(19,10)511184234(20,10)
(19,10)813582076(19,11)
(20,10)1135404616(21,10)
(20,10)780828672(20,11)
(21,10)1693856311(22,10)
(21,10)1796017087(21,11)
(22,10)1993907136(23,10)
(22,10)623913724(22,11)
(23,10)2106407669(24,10)
(23,10)1418570782(23,11)
(24,10)1264269228(25,10)
(24,10)2074328433(24,11)
(25,10)622842815(26,10)
(25,10)1537708805(25,11)
(26,10)111314363(27,10)
(26,10)1103326130(26,11)
(27,10)1748751098(28,10)
(27,10)1060720914(27,11)
(28,10)974708695(29,10)
(28,10)663696382(28,11)
(29,10)1685692013(30,10)
(29,10)956732642(29,11)
(30,10)1607044801(31,10)
(30,10)116571662(30,11)
(31,10)2073022564(32,10)
(31,10)1831806431(31,11)
(32,10)607366450(33,10)
(32,10)553031989(32,11)
(33,10)1111486868(34,10)
(33,10)1279934070(33,11)
(34,10)2093516146(35,10)
(34,10)181532753(34,11)
(35,10)962361426(36,10)
(35,10)1622671102(35,11)
(36,10)1271204542(37,10)
(36,10)1081437114(36,11)
(37,10)1705350838(38,10)
(37,10)508734089(37,11)
(38,10)1927304871(39,10)
(38,10)1117628030(38,11)
(39,10)1044472815(40,10)
(39,10)1664274859(39,11)
(40,10)1054500017(41,10)
(40,10)1044090451(40,11)
(41,10)2147416581(42,10)
(41,10)1667315630(41,11)
(42,10)580552897(43,10)
(42,10)1165814380(42,11)
(43,10)1829510763(44,10)
(43,10)1748684031(43,11)
(44,10)557933025(45,10)
(44,10)1555261592(44,11)
(45,10)1671833255(46,10)
(45,10)1367719128(45,11)
(46,10)1052041911(47,10)
(46,10)17494178(46,11)
(47,10)570526167(48,10)
(47,10)1597372171(47,11)
(48,10)729822593(49,10)
(48,10)1659408361(48,11)
(49,10)1682013036(49,11)
(0,11)675855092(1,11)
(0,11)1840941114(0,12)
(1,11)655818892(2,11)
(1,11)1157200490(1,12)
(2,11)280921384(3,11)
(2,11)1757292206(2,12)
(3,11)1315159397(4,11)
(3,11)1164552981(3,12)
(4,11)944374204(5,11)
(4,11)1398549414(4,12)
(5,11)295538582(6,11)
(5,11)831950608(5,12)
(6,11)1886450625(7,11)
(6,11)1988464655(6,12)
(7,11)1988397588(8,11)
(7,11)1962854212(7,12)
(8,11)395923461(9,11)
(8,11)904781358(8,12)
(9,11)586808473(10,11)
(9,11)1589597971(9,12)
(10,11)47348(11,11)
(10,11)1951185054(10,12)
(11,11)1475534661(12,11)
(11,11)1954527601(11,12)
(12,11)859085864(13,11)
(12,11)17541526(12,12)
(13,11)588067694(14,11)
(13,11)925423184(13,12)
(14,11)1655245778(15,11)
(14,11)371010577(14,12)
(15,11)64468043(16,11)
(15,11)122597082(15,12)
(16,11)1279797572(17,11)
(16,11)183617222(16,12)
(17,11)1940909428(18,11)
(17,11)720286936(17,12)
(18,11)1884839917(19,11)
(18,11)1560718957(18,12)
(19,11)811784723(20,11)
(19,11)1108585177(19,12)
(20,11)1940535786(21,11)
(20,11)681730474(20,12)
(21,11)522711481(22,11)
(21,11)1107323305(21,12)
(22,11)922693870(23,11)
(22,11)1679502763(22,12)
(23,11)436800473(24,11)
(23,11)363625422(23,12)
(24,11)1953223393(25,11)
(24,11)1318617331(24,12)
(25,11)1122318737(26,11)
(25,11)1023608946(25,12)
(26,11)830652899(27,11)
(26,11)1953270742(26,12)
(27,11)1970812268(28,11)
(27,11)450369750(27,12)
(28,11)1375792935(29,11)
(28,11)1689738763(28,12)
(29,11)2060749340(30,11)
(29,11)411396314(29,12)
(30,11)533993396(31,11)
(30,11)883555065(30,12)
(31,11)1067172287(32,11)
(31,11)2125217384(31,12)
(32,11)698020672(33,11)
(32,11)1813790969(32,12)
(33,11)1227026278(34,11)
(33,11)860598067(33,12)
(34,11)1969183245(35,11)
(34,11)435376941(34,12)
(35,11)1117107415(36,11)
(35,11)2038811001(35,12)
(36,11)998650659(37,11)
(36,11)1762235383(36,12)
(37,11)1294254498(38,11)
(37,11)1639818897(37,12)
(38,11)2003444319(39,11)
(38,11)1921344529(38,12)
(39,11)1092478212(40,11)
(39,11)1731054972(39,12)
(40,11)607180270(41,11)
(40,11)1809184064(40,12)
(41,11)1614971158(42,11)
(41,11)67313302(41,12)
(42,11)517683052(43,11)
(42,11)1437833170(42,12)
(43,11)980088285(44,11)
(43,11)1438299779(43,12)
(44,11)1849696093(45,11)
(44,11)1893475987(44,12)
(45,11)629547404(46,11)
(45,11)893353978(45,12)
(46,11)871087714(47,11)
(46,11)236205842(46,12)
(47,11)2049996811(48,11)
(47,11)1696719691(47,12)
(48,11)409834111(49,11)
(48,11)1569108386(48,12)
(49,11)1129539441(49,12)
(0,12)231533708(1,12)
(0,12)2004485327(0,13)
(1,12)974109095(2,12)
(1,12)1020866794(1,13)
(2,12)2019517453(3,12)
(2,12)1993769091(2,13)
(3,12)1140539941(4,12)
(3,12)466444344(3,13)
(4,12)322405015(5,12)
(4,12)1793378334(4,13)
(5,12)738372899(6,12)
(5,12)724111265(5,13)
(6,12)1331291536(7,12)
(6,12)2131589079(6,13)
(7,12)1599076590(8,12)
(7,12)805686201(7,13)
(8,12)1323369253(9,12)
(8,12)621641058(8,13)
(9,12)1601729343(10,12)
(9,12)889892721(9,13)
(10,12)592105166(11,12)
(10,12)1069361593(10,13)
(11,12)1698908997(12,12)
(11,12)347599673(11,13)
(12,12)1218687387(13,12)
(12,12)828311008(12,13)
(13,12)730824171(14,12)
(13,12)1248145041(13,13)
(14,12)1657979152(15,12)
(14,12)640312125(14,13)
(15,12)497313805(16,12)
(15,12)1860363612(15,13)
(16,12)733746759(17,12)
(16,12)1889512860(16,13)
(17,12)1735798303(18,12)
(17,12)1471422900(17,13)
(18,12)1937867244(19,12)
(18,12)605780564(18,13)
(19,12)251675251(20,12)
(19,12)728854596(19,13)
(20,12)1452965862(21,12)
(20,12)112788611(20,13)
(21,12)96894042(22,12)
(21,12)990048150(21,13)
(22,12)1795734351(23,12)
(22,12)636773750(22,13)
(23,12)1258414808(24,12)
(23,12)1695970632(23,13)
(24,12)438379705(25,12)
(24,12)971619956(24,13)
(25,12)2040981549(26,12)
(25,12)712660503(25,13)
(26,12)1060260177(27,12)
(26,12)1030484872(26,13)
(27,12)1858795880(28,12)
(27,12)1592406899(27,13)
(28,12)693068292(29,12)
(28,12)131463916(28,13)
(29,12)771776042(30,12)
(29,12)442136404(29,13)
(30,12)155016368(31,12)
(30,12)203563796(30,13)
(31,12)2093076656(32,12)
(31,12)1269089847(31,13)
(32,12)593029099(33,12)
(32,12)888763127(32,13)
(33,12)1494543692(34,12)
(33,12)1681391311(33,13)
(34,12)262762259(35,12)
(34,12)383412695(34,13)
(35,12)496201306(36,12)
(35,12)1746218943(35,13)
(36,12)588783445(37,12)
(36,12)1715728121(36,13)
(37,12)205018223(38,12)
(37,12)593095348(37,13)
(38,12)141582333(39,12)
(38,12)237034148(38,13)
(39,12)1208654104(40,12)
(39,12)1463433031(39,13)
(40,12)28609887(41,12)
(40,12)579962038(40,13)
(41,12)1610446910(42,12)
(41,12)1102152006(41,13)
(42,12)547075257(43,12)
(42,12)1088870064(42,13)
(43,12)1220333980(44,12)
(43,12)1321759143(43,13)
(44,12)1763895547(45,12)
(44,12)1240143549(44,13)
(45,12)1443707345(46,12)
(45,12)1992110022(45,13)
(46,12)1113716221(47,12)
(46,12)1918911915(46,13)
(47,12)660191395(48,12)
(47,12)1389300353(47,13)
(48,12)923208016(49,12)
(48,12)1706745320(48,13)
(49,12)7251439(49,13)
(0,13)1185970275(1,13)
(0,13)2090158015(0,14)
(1,13)438875673(2,13)
(1,13)1753470382(1,14)
(2,13)194770179(3,13)
(2,13)754214749(2,14)
(3,13)959232972(4,13)
(3,13)1031971022(3,14)
(4,13)1173553355(5,13)
(4,13)431804327(4,14)
(5,13)1640458431(6,13)
(5,13)275182356(5,14)
(6,13)303792243(7,13)
(6,13)1753515393(6,14)
(7,13)1216478656(8,13)
(7,13)595126789(7,14)
(8,13)1142202046(9,13)
(8,13)1392662307(8,14)
(9,13)465512639(10,13)
(9,13)390754151(9,14)
(10,13)7166050(11,13)
(10,13)234861947(10,14)
(11,13)1678569292(12,13)
(11,13)310139014(11,14)
(12,13)1423855235(13,13)
(12,13)1926077965(12,14)
(13,13)438785712(14,13)
(13,13)920385997(13,14)
(14,13)1843594013(15,13)
(14,13)983116908(14,14)
(15,13)925791275(16,13)
(15,13)446037151(15,14)
(16,13)52023885(17,13)
(16,13)882080641(16,14)
(17,13)1636295390(18,13)
(17,13)1364666949(17,14)
(18,13)249154323(19,13)
(18,13)246794064(18,14)
(19,13)678598391(20,13)
(19,13)448044714(19,14)
(20,13)723227070(21,13)
(20,13)1422707678(20,14)
(21,13)1028739423(22,13)
(21,13)171573175(21,14)
(22,13)766699964(23,13)
(22,13)1027019313(22,14)
(23,13)272197972(24,13)
(23,13)97734431(23,14)
(24,13)488488582(25,13)
(24,13)1908902011(24,14)
(25,13)2143763958(26,13)
(25,13)737710612(25,14)
(26,13)1047849626(27,13)
(26,13)495654632(26,14)
(27,13)274248950(28,13)
(27,13)1674849603(27,14)
(28,13)447751952(29,13)
(28,13)324221213(28,14)
(29,13)1307338121(30,13)
(29,13)713034662(29,14)
(30,13)1159071814(31,13)
(30,13)143862318(30,14)
(31,13)1025942959(32,13)
(31,13)85645749(31,14)
(32,13)1450312698(33,13)
(32,13)1211095699(32,14)
(33,13)1457889764(34,13)
(33,13)514754701(33,14)
(34,13)962799415(35,13)
(34,13)1699467021(34,14)
(35,13)974691051(36,13)
(35,13)2136488155(35,14)
(36,13)160577682(37,13)
(36,13)1686026486(36,14)
(37,13)565562151(38,13)
(37,13)2003430474(37,14)
(38,13)2101164906(39,13)
(38,13)927277647(38,14)
(39,13)688696010(40,13)
(39,13)837760124(39,14)
(40,13)1575470736(41,13)
(40,13)442169840(40,14)
(41,13)937824473(42,13)
(41,13)684976320(41,14)
(42,13)212342275(43,13)
(42,13)475836714(42,14)
(43,13)800057927(44,13)
(43,13)1212073423(43,14)
(44,13)1925108085(45,13)
(44,13)660094228(44,14)
(45,13)803956546(46,13)
(45,13)2107396049(45,14)
(46,13)45558150(47,13)
(46,13)936696251(46,14)
(47,13)308303(48,13)
(47,13)1829899505(47,14)
(48,13)197170558(49,13)
(48,13)1495870848(48,14)
(49,13)1458198067(49,14)
(0,14)1159969973(1,14)
(0,14)1047854221(0,15)
(1,14)2022545272(2,14)
(1,14)1447202574(1,15)
(2,14)1607780257(3,14)
(2,14)698512811(2,15)
(3,14)1264074963(4,14)
(3,14)1878492098(3,15)
(4,14)1832173356(5,14)
(4,14)387574256(4,15)
(5,14)1076270266(6,14)
(5,14)2101835087(5,15)
(6,14)1529822175(7,14)
(6,14)126859549(6,15)
(7,14)1064684022(8,14)
(7,14)1761246586(7,15)
(8,14)1973588862(9,14)
(8,14)2005658889(8,15)
(9,14)658233168(10,14)
(9,14)129273797(9,15)
(10,14)2054381882(11,14)
(10,14)486199442(10,15)
(11,14)1290155988(12,14)
(11,14)618145569(11,15)
(12,14)663703719(13,14)
(12,14)843594486(12,15)
(13,14)843902789(14,14)
(13,14)972571845(13,15)
(14,14)1169742403(15,14)
(14,14)12090919(14,15)
(15,14)1059945140(16,14)
(15,14)154617208(15,15)
(16,14)1601819782(17,14)
(16,14)182228728(16,15)
(17,14)880741540(18,14)
(17,14)935006764(17,15)
(18,14)666015215(19,14)
(18,14)1062116391(18,15)
(19,14)1449690647(20,14)
(19,14)2144816503(19,15)
(20,14)2099167942(21,14)
(20,14)350704923(20,15)
(21,14)477564472(22,14)
(21,14)378477265(21,15)
(22,14)2139723852(23,14)
(22,14)1481506469(22,15)
(23,14)1339681710(24,14)
(23,14)1542248494(23,15)
(24,14)1671522291(25,14)
(24,14)1965829066(24,15)
(25,14)304544860(26,14)
(25,14)1997914878(25,15)
(26,14)468576800(27,14)
(26,14)1578420526(26,15)
(27,14)274531364(28,14)
(27,14)1594700848(27,15)
(28,14)419789045(29,14)
(28,14)1132280519(28,15)
(29,14)1144371439(30,14)
(29,14)1118434153(29,15)
(30,14)1273051361(31,14)
(30,14)1589531448(30,15)
(31,14)1771760176(32,14)
(31,14)56832931(31,15)
(32,14)991839696(33,14)
(32,14)727387495(32,15)
(33,14)1789503887(34,14)
(33,14)505018068(33,15)
(34,14)502350923(35,14)
(34,14)1657854911(34,15)
(35,14)2008559834(36,14)
(35,14)1091710886(35,15)
(36,14)1470188152(37,14)
(36,14)454035217(36,15)
(37,14)1935541686(38,14)
(37,14)338640659(37,15)
(38,14)1880889153(39,14)
(38,14)1462428356(38,15)
(39,14)1280773774(40,14)
(39,14)1127739748(39,15)
(40,14)978170979(41,14)
(40,14)1404927797(40,15)
(41,14)835864675(42,14)
(41,14)1585318634(41,15)
(42,14)1032535834(43,14)
(42,14)1446747779(42,15)
(43,14)431544650(44,14)
(43,14)1110396039(43,15)
(44,14)81346544(45,14)
(44,14)1452324879(44,15)
(45,14)894372679(46,14)
(45,14)1575916089(45,15)
(46,14)1632749021(47,14)
(46,14)1354397905(46,15)
(47,14)2081785400(48,14)
(47,14)518649207(47,15)
(48,14)1023667276(49,14)
(48,14)477105069(48,15)
(49,14)1723805639(49,15)
(0,15)1526018199(1,15)
(0,15)2134959980(0,16)
(1,15)1996036166(2,15)
(1,15)668032878(1,16)
(2,15)2138221030(3,15)
(2,15)1980053417(2,16)
(3,15)1768111455(4,15)
(3,15)187193177(3,16)
(4,15)2068082331(5,15)
(4,15)1453165738(4,16)
(5,15)586455864(6,15)
(5,15)748367556(5,16)
(6,15)1726538535(7,15)
(6,15)1325526480(6,16)
(7,15)13907507(8,15)
(7,15)24290850(7,16)
(8,15)1056826684(9,15)
(8,15)1025802666(8,16)
(9,15)1457347316(10,15)
(9,15)1124303546(9,16)
(10,15)1205650090(11,15)
(10,15)361667915(10,16)
(11,15)1256040594(12,15)
(11,15)885779758(11,16)
(12,15)371045131(13,15)
(12,15)412564347(12,16)
(13,15)346866099(14,15)
(13,15)1774689801(13,16)
(14,15)650873429(15,15)
(14,15)848150200(14,16)
(15,15)835626532(16,15)
(15,15)2070671739(15,16)
(16,15)591220969(17,15)
(16,15)29407981(16,16)
(17,15)2009461398(18,15)
(17,15)684179050(17,16)
(18,15)871372228(19,15)
(18,15)581958351(18,16)
(19,15)2035124089(20,15)
(19,15)1630089205(19,16)
(20,15)230973113(21,15)
(20,15)791970911(20,16)
(21,15)2117497391(22,15)
(21,15)474096305(21,16)
(22,15)498387155(23,15)
(22,15)1957511648(22,16)
(23,15)835830666(24,15)
(23,15)2131404898(23,16)
(24,15)1108224796(25,15)
(24,15)1555213839(24,16)
(25,15)1916881754(26,15)
(25,15)145694335(25,16)
(26,15)1031474093(27,15)
(26,15)166391238(26,16)
(27,15)578955585(28,15)
(27,15)1025438700(27,16)
(28,15)652644853(29,15)
(28,15)1402519224(28,16)
(29,15)103185776(30,15)
(29,15)925821684(29,16)
(30,15)849009775(31,15)
(30,15)1303518283(30,16)
(31,15)1332926264(32,15)
(31,15)938812308(31,16)
(32,15)1622991358(33,15)
(32,15)1440230744(32,16)
(33,15)2022189095(34,15)
(33,15)1194904014(33,16)
(34,15)677509571(35,15)
(34,15)346879938(34,16)
(35,15)1138850849(36,15)
(35,15)1909829536(35,16)
(36,15)236442193(37,15)
(36,15)908482685(36,16)
(37,15)718510685(38,15)
(37,15)1108864592(37,16)
(38,15)1092785842(39,15)
(38,15)734829348(38,16)
(39,15)142559539(40,15)
(39,15)1554341352(39,16)
(40,15)1700035687(41,15)
(40,15)53526990(40,16)
(41,15)219918228(42,15)
(41,15)2059441293(41,16)
(42,15)937396345(43,15)
(42,15)584026132(42,16)
(43,15)1986545356(44,15)
(43,15)798873813(43,16)
(44,15)1724695498(45,15)
(44,15)1590041199(44,16)
(45,15)746075834(46,15)
(45,15)2089731132(45,16)
(46,15)881059792(47,15)
(46,15)426221625(46,16)
(47,15)1866452370(48,15)
(47,15)2079002098(47,16)
(48,15)1126422464(49,15)
(48,15)356567502(48,16)
(49,15)1741157817(49,16)
(0,16)1803932035(1,16)
(0,16)703447441(0,17)
(1,16)1842298290(2,16)
(1,16)1503503706(1,17)
(2,16)1739945899(3,16)
(2,16)564931072(2,17)
(3,16)1283441758(4,16)
(3,16)803679235(3,17)
(4,16)1896465077(5,16)
(4,16)327291600(4,17)
(5,16)469851139(6,16)
(5,16)690299462(5,17)
(6,16)242851501(7,16)
(6,16)1949992068(6,17)
(7,16)22426648(8,16)
(7,16)381808785(7,17)
(8,16)1319205130(9,16)
(8,16)826877633(8,17)
(9,16)665939341(10,16)
(9,16)821300462(9,17)
(10,16)398512312(11,16)
(10,16)761762681(10,17)
(11,16)1507838515(12,16)
(11,16)608186825(11,17)
(12,16)1489246617(13,16)
(12,16)824733937(12,17)
(13,16)543702659(14,16)
(13,16)1439356965(13,17)
(14,16)418295781(15,16)
(14,16)1845814119(14,17)
(15,16)401777912(16,16)
(15,16)137376829(15,17)
(16,16)1640880535(17,16)
(16,16)74744169(16,17)
(17,16)639675241(18,16)
(17,16)96592555(17,17)
(18,16)900271790(19,16)
(18,16)1233342786(18,17)
(19,16)1560634386(20,16)
(19,16)1923116999(19,17)
(20,16)465932813(21,16)
(20,16)649253219(20,17)
(21,16)451761639(22,16)
(21,16)2030485526(21,17)
(22,16)264810663(23,16)
(22,16)708784314(22,17)
(23,16)1535661947(24,16)
(23,16)474188288(23,17)
(24,16)1295488750(25,16)
(24,16)1584015793(24,17)
(25,16)198294827(26,16)
(25,16)54117640(25,17)
(26,16)662304465(27,16)
(26,16)1694001062(26,17)
(27,16)371251351(28,16)
(27,16)1706133342(27,17)
(28,16)998006660(29,16)
(28,16)4067434(28,17)
(29,16)1849881554(30,16)
(29,16)914954011(29,17)
(30,16)1052330840(31,16)
(30,16)1416302441(30,17)
(31,16)1491046610(32,16)
(31,16)104175818(31,17)
(32,16)200768373(33,16)
(32,16)545727727(32,17)
(33,16)1779070513(34,16)
(33,16)2130721852(33,17)
(34,16)1906355203(35,16)
(34,16)1101040163(34,17)
(35,16)1750293383(36,16)
(35,16)1192221252(35,17)
(36,16)1075223130(37,16)
(36,16)224804369(36,17)
(37,16)933588683(38,16)
(37,16)54571374(37,17)
(38,16)528759662(39,16)
(38,16)1340033793(38,17)
(39,16)776565938(40,16)
(39,16)321766983(39,17)
(40,16)375884623(41,16)
(40,16)1824248412(40,17)
(41,16)1370765826(42,16)
(41,16)974860765(41,17)
(42,16)533510460(43,16)
(42,16)1038189089(42,17)
(43,16)1042256523(44,16)
(43,16)1742017178(43,17)
(44,16)509487541(45,16)
(44,16)1531517120(44,17)
(45,16)800335913(46,16)
(45,16)744654429(45,17)
(46,16)848830248(47,16)
(46,16)1561818381(46,17)
(47,16)2107546108(48,16)
(47,16)143898876(47,17)
(48,16)127137080(49,16)
(48,16)1049598621(48,17)
(49,16)1739132973(49,17)
(0,17)2033492283(1,17)
(0,17)3155137(0,18)
(1,17)1753448520(2,17)
(1,17)783870577(1,18)
(2,17)1859093707(3,17)
(2,17)110813004(2,18)
(3,17)1044401688(4,17)
(3,17)1808019894(3,18)
(4,17)189295909(5,17)
(4,17)1051643852(4,18)
(5,17)1828209791(6,17)
(5,17)1366168671(5,18)
(6,17)1742053294(7,17)
(6,17)2013544321(6,18)
(7,17)1236826500(8,17)
(7,17)655586908(7,18)
(8,17)1189097368(9,17)
(8,17)632758735(8,18)
(9,17)1675015259(10,17)
(9,17)831360030(9,18)
(10,17)1340847571(11,17)
(10,17)573130840(10,18)
(11,17)1373466754(12,17)
(11,17)272186040(11,18)
(12,17)1121016288(13,17)
(12,17)755182304(12,18)
(13,17)715244764(14,17)
(13,17)1517365630(13,18)
(14,17)1644502710(15,17)
(14,17)23131262(14,18)
(15,17)26286399(16,17)
(15,17)306894089(15,18)
(16,17)1090764667(17,17)
(16,17)1530511345(16,18)
(17,17)1641324350(18,17)
(17,17)1779734919(17,18)
(18,17)1440271165(19,17)
(18,17)802374726(18,18)
(19,17)1854018579(20,17)
(19,17)538242390(19,18)
(20,17)1904411061(21,17)
(20,17)1629567074(20,18)
(21,17)1495627748(22,17)
(21,17)1534744722(21,18)
(22,17)42847982(23,17)
(22,17)1498980707(22,18)
(23,17)2131739443(24,17)
(23,17)584970600(23,18)
(24,17)1416330630(25,17)
(24,17)1231945351(24,18)
(25,17)1805076191(26,17)
(25,17)1659271054(25,18)
(26,17)1931457094(27,17)
(26,17)609694553(26,18)
(27,17)1364876857(28,17)
(27,17)1031059297(27,18)
(28,17)400941279(29,17)
(28,17)904989735(28,18)
(29,17)928120997(30,17)
(29,17)2080121621(29,18)
(30,17)239532062(31,17)
(30,17)2045443989(30,18)
(31,17)1428471687(32,17)
(31,17)954407396(31,18)
(32,17)586658667(33,17)
(32,17)1330296729(32,18)
(33,17)2132671456(34,17)
(33,17)922312389(33,18)
(34,17)1460554779(35,17)
(34,17)2026929832(34,18)
(35,17)1509013259(36,17)
(35,17)1839206387(35,18)
(36,17)1226467461(37,17)
(36,17)1217482192(36,18)
(37,17)568979251(38,17)
(37,17)857157359(37,18)
(38,17)1442127959(39,17)
(38,17)1269315443(38,18)
(39,17)353777146(40,17)
(39,17)553235046(39,18)
(40,17)65022452(41,17)
(40,17)710974941(40,18)
(41,17)1320669494(42,17)
(41,17)11369690(41,18)
(42,17)1042428987(43,17)
(42,17)1996479547(42,18)
(43,17)753985634(44,17)
(43,17)538062703(43,18)
(44,17)470700676(45,17)
(44,17)1443370267(44,18)
(45,17)1341330608(46,17)
(45,17)1682106631(45,18)
(46,17)489030379(47,17)
(46,17)710232738(46,18)
(47,17)2040529468(48,17)
(47,17)622318647(47,18)
(48,17)1544631036(49,17)
(48,17)1075689046(48,18)
(49,17)2025717276(49,18)
(0,18)857702167(1,18)
(0,18)955135230(0,19)
(1,18)316664841(2,18)
(1,18)1717440015(1,19)
(2,18)796423828(3,18)
(2,18)2075184359(2,19)
(3,18)496679963(4,18)
(3,18)1173822200(3,19)
(4,18)468466511(5,18)
(4,18)2065739271(4,19)
(5,18)272032770(6,18)
(5,18)1049915009(5,19)
(6,18)1114937462(7,18)
(6,18)1179441452(6,19)
(7,18)352627298(8,18)
(7,18)283402460(7,19)
(8,18)1325831447(9,18)
(8,18)963933361(8,19)
(9,18)1717918995(10,18)
(9,18)890690001(9,19)
(10,18)1361390677(11,18)
(10,18)621718066(10,19)
(11,18)1963048675(12,18)
(11,18)1252541978(11,19)
(12,18)1741572357(13,18)
(12,18)2071623416(12,19)
(13,18)1964669236(14,18)
(13,18)437883674(13,19)
(14,18)1982514711(15,18)
(14,18)669777755(14,19)
(15,18)1624912985(16,18)
(15,18)1842902864(15,19)
(16,18)1412859231(17,18)
(16,18)692733230(16,19)
(17,18)620433942(18,18)
(17,18)1941577827(17,19)
(18,18)967916379(19,18)
(18,18)61799411(18,19)
(19,18)2127538682(20,18)
(19,18)1117113905(19,19)
(20,18)19545266(21,18)
(20,18)1436382891(20,19)
(21,18)468340695(22,18)
(21,18)252087804(21,19)
(22,18)535490264(23,18)
(22,18)1134482728(22,19)
(23,18)2098416089(24,18)
(23,18)820967994(23,19)
(24,18)1711657995(25,18)
(24,18)1861321712(24,19)
(25,18)335556130(26,18)
(25,18)1668851436(25,19)
(26,18)773909766(27,18)
(26,18)925565025(26,19)
(27,18)849704793(28,18)
(27,18)151121157(27,19)
(28,18)589004832(29,18)
(28,18)367998475(28,19)
(29,18)1037776230(30,18)
(29,18)666890381(29,19)
(30,18)362309597(31,18)
(30,18)424035895(30,19)
(31,18)1116769125(32,18)
(31,18)515205568(31,19)
(32,18)309299747(33,18)
(32,18)1775168828(32,19)
(33,18)1836968239(34,18)
(33,18)1737203067(33,19)
(34,18)706833324(35,18)
(34,18)1277216126(34,19)
(35,18)566115369(36,18)
(35,18)1817023273(35,19)
(36,18)2069111078(37,18)
(36,18)726378591(36,19)
(37,18)1860861319(38,18)
(37,18)1034456065(37,19)
(38,18)1855424059(39,18)
(38,18)457117694(38,19)
(39,18)170955758(40,18)
(39,18)1811793761(39,19)
(40,18)1333161549(41,18)
(40,18)1419598406(40,19)
(41,18)197679783(42,18)
(41,18)506511889(41,19)
(42,18)657633046(43,18)
(42,18)2107071316(42,19)
(43,18)327586143(44,18)
(43,18)1047384576(43,19)
(44,18)1714274957(45,18)
(44,18)1246637878(44,19)
(45,18)1670673773(46,18)
(45,18)1365362374(45,19)
(46,18)1880567942(47,18)
(46,18)2076584554(46,19)
(47,18)1704269734(48,18)
(47,18)639959251(47,19)
(48,18)229678670(49,18)
(48,18)42384041(48,19)
(49,18)1393754325(49,19)
(0,19)936511995(1,19)
(0,19)1319600167(0,20)
(1,19)1885715537(2,19)
(1,19)1063293951(1,20)
(2,19)984921381(3,19)
(2,19)1662890586(2,20)
(3,19)1376268257(4,19)
(3,19)772687954(3,20)
(4,19)480628365(5,19)
(4,19)1442039075(4,20)
(5,19)1612994834(6,19)
(5,19)1040578370(5,20)
(6,19)226256272(7,19)
(6,19)1900226771(6,20)
(7,19)2097906555(8,19)
(7,19)2119506723(7,20)
(8,19)629656121(9,19)
(8,19)185843940(8,20)
(9,19)513430083(10,19)
(9,19)997807483(9,20)
(10,19)564598793(11,19)
(10,19)1876294000(10,20)
(11,19)1399484125(12,19)
(11,19)1878792457(11,20)
(12,19)1611876751(13,19)
(12,19)493699699(12,20)
(13,19)50485786(14,19)
(13,19)2039443376(13,20)
(14,19)121638399(15,19)
(14,19)1654260792(14,20)
(15,19)826377312(16,19)
(15,19)1444240111(15,20)
(16,19)360050414(17,19)
(16,19)1058150394(16,20)
(17,19)573557332(18,19)
(17,19)564609201(17,20)
(18,19)1337297155(19,19)
(18,19)1344971795(18,20)
(19,19)639527223(20,19)
(19,19)1949825589(19,20)
(20,19)842920312(21,19)
(20,19)1817925520(20,20)
(21,19)1570668643(22,19)
(21,19)105038409(21,20)
(22,19)77061484(23,19)
(22,19)1069176584(22,20)
(23,19)1255020524(24,19)
(23,19)1521091550(23,20)
(24,19)371415386(25,19)
(24,19)706717605(24,20)
(25,19)435527957(26,19)
(25,19)1768450607(25,20)
(26,19)1499759417(27,19)
(26,19)936014179(26,20)
(27,19)1429713878(28,19)
(27,19)1835012083(27,20)
(28,19)1726971811(29,19)
(28,19)964152520(28,20)
(29,19)470929665(30,19)
(29,19)1480199664(29,20)
(30,19)776956128(31,19)
(30,19)1848610210(30,20)
(31,19)759276956(32,19)
(31,19)1297306977(31,20)
(32,19)1861916178(33,19)
(32,19)1137006542(32,20)
(33,19)334494690(34,19)
(33,19)1332834288(33,20)
(34,19)1135176230(35,19)
(34,19)1051729685(34,20)
(35,19)722171557(36,19)
(35,19)974021913(35,20)
(36,19)1079060322(37,19)
(36,19)1978096542(36,20)
(37,19)899789478(38,19)
(37,19)145356552(37,20)
(38,19)1666448103(39,19)
(38,19)1156121806(38,20)
(39,19)1862839411(40,19)
(39,19)7326354(39,20)
(40,19)1775776961(41,19)
(40,19)2037863489(40,20)
(41,19)826394020(42,19)
(41,19)150883721(41,20)
(42,19)1985895804(43,19)
(42,19)1128052730(42,20)
(43,19)2092205251(44,19)
(43,19)108624250(43,20)
(44,19)1588823915(45,19)
(44,19)1565383967(44,20)
(45,19)1266510530(46,19)
(45,19)415651268(45,20)
(46,19)1712958245(47,19)
(46,19)218296395(46,20)
(47,19)1355302937(48,19)
(47,19)2025787486(47,20)
(48,19)1211138127(49,19)
(48,19)1427390775(48,20)
(49,19)1689797627(49,20)
(0,20)198830709(1,20)
(0,20)331636812(0,21)
(1,20)1053808369(2,20)
(1,20)516335892(1,21)
(2,20)1595396214(3,20)
(2,20)29443603(2,21)
(3,20)929233081(4,20)
(3,20)1199164921(3,21)
(4,20)718129376(5,20)
(4,20)604034372(4,21)
(5,20)319390136(6,20)
(5,20)936559435(5,21)
(6,20)564852748(7,20)
(6,20)608509217(6,21)
(7,20)1434903237(8,20)
(7,20)470273857(7,21)
(8,20)308686013(9,20)
(8,20)1692905479(8,21)
(9,20)1637627082(10,20)
(9,20)1543527488(9,21)
(10,20)984867755(11,20)
(10,20)1874069980(10,21)
(11,20)993096862(12,20)
(11,20)2053278350(11,21)
(12,20)1618752947(13,20)
(12,20)1203164150(12,21)
(13,20)410983439(14,20)
(13,20)871400701(13,21)
(14,20)2082538828(15,20)
(14,20)898660074(14,21)
(15,20)1230296886(16,20)
(15,20)2100781067(15,21)
(16,20)469633311(17,20)
(16,20)133885889(16,21)
(17,20)163329492(18,20)
(17,20)136621607(17,21)
(18,20)1335786528(19,20)
(18,20)2065029526(18,21)
(19,20)521580250(20,20)
(19,20)1092562573(19,21)
(20,20)2029122008(21,20)
(20,20)2053915905(20,21)
(21,20)514941474(22,20)
(21,20)840970386(21,21)
(22,20)1311244243(23,20)
(22,20)446491108(22,21)
(23,20)2139396587(24,20)
(23,20)1949844712(23,21)
(24,20)1345888552(25,20)
(24,20)1619930256(24,21)
(25,20)1346516589(26,20)
(25,20)1629540021(25,21)
(26,20)1535334723(27,20)
(26,20)183272659(26,21)
(27,20)1386436809(28,20)
(27,20)192129803(27,21)
(28,20)1063530504(29,20)
(28,20)1006604022(28,21)
(29,20)1905264096(30,20)
(29,20)1797420248(29,21)
(30,20)1750717667(31,20)
(30,20)998585684(30,21)
(31,20)1132471573(32,20)
(31,20)988077334(31,21)
(32,20)1124698941(33,20)
(32,20)72867331(32,21)
(33,20)2137896857(34,20)
(33,20)1295801065(33,21)
(34,20)240879990(35,20)
(34,20)313001822(34,21)
(35,20)219434079(36,20)
(35,20)511993459(35,21)
(36,20)1352963846(37,20)
(36,20)122518350(36,21)
(37,20)569009459(38,20)
(37,20)734375553(37,21)
(38,20)536736617(39,20)
(38,20)516724441(38,21)
(39,20)2136654698(40,20)
(39,20)560922398(39,21)
(40,20)42978772(41,20)
(40,20)1882625169(40,21)
(41,20)2065897828(42,20)
(41,20)1335687639(41,21)
(42,20)1527817442(43,20)
(42,20)1578313495(42,21)
(43,20)437433870(44,20)
(43,20)1304850989(43,21)
(44,20)954787590(45,20)
(44,20)443864299(44,21)
(45,20)1442449983(46,20)
(45,20)195214318(45,21)
(46,20)1183291653(47,20)
(46,20)558021609(46,21)
(47,20)630888940(48,20)
(47,20)427437909(47,21)
(48,20)1723238974(49,20)
(48,20)160506946(48,21)
(49,20)621302149(49,21)
(0,21)1964118965(1,21)
(0,21)473508768(0,22)
(1,21)692942847(2,21)
(1,21)1133295609(1,22)
(2,21)338775807(3,21)
(2,21)2086637315(2,22)
(3,21)508163126(4,21)
(3,21)1427318401(3,22)
(4,21)1964055018(5,21)
(4,21)855500248(4,22)
(5,21)844671298(6,21)
(5,21)1069085525(5,22)
(6,21)1112064297(7,21)
(6,21)1699196540(6,22)
(7,21)1617610720(8,21)
(7,21)32875289(7,22)
(8,21)1560692732(9,21)
(8,21)542894144(8,22)
(9,21)980328014(10,21)
(9,21)774978062(9,22)
(10,21)1729765652(11,21)
(10,21)2004557031(10,22)
(11,21)1299523366(12,21)
(11,21)1175542333(11,22)
(12,21)211350338(13,21)
(12,21)140303613(12,22)
(13,21)771192554(14,21)
(13,21)1726961275(13,22)
(14,21)1302716602(15,21)
(14,21)371857284(14,22)
(15,21)845366053(16,21)
(15,21)1392494703(15,22)
(16,21)378306664(17,21)
(16,21)1119351919(16,22)
(17,21)1058505586(18,21)
(17,21)1538308900(17,22)
(18,21)818143653(19,21)
(18,21)717082471(18,22)
(19,21)1572582720(20,21)
(19,21)1566668713(19,22)
(20,21)488270590(21,21)
(20,21)634715024(20,22)
(21,21)186427916(22,21)
(21,21)269770370(21,22)
(22,21)302645660(23,21)
(22,21)1600334887(22,22)
(23,21)2143229031(24,21)
(23,21)1804038636(23,22)
(24,21)431533050(25,21)
(24,21)1863338392(24,22)
(25,21)1720411775(26,21)
(25,21)976073398(25,22)
(26,21)4132083(27,21)
(26,21)13815054(26,22)
(27,21)154118668(28,21)
(27,21)872451493(27,22)
(28,21)451929121(29,21)
(28,21)215482421(28,22)
(29,21)587339705(30,21)
(29,21)925311222(29,22)
(30,21)170322277(31,21)
(30,21)1754645723(30,22)
(31,21)726513994(32,21)
(31,21)1432705758(31,22)
(32,21)823531011(33,21)
(32,21)548628942(32,22)
(33,21)1265711413(34,21)
(33,21)1785019580(33,22)
(34,21)1204204645(35,21)
(34,21)1641674664(34,22)
(35,21)128906040(36,21)
(35,21)690810485(35,22)
(36,21)960580856(37,21)
(36,21)1692475235(36,22)
(37,21)1145326474(38,21)
(37,21)315333956(37,22)
(38,21)2119372593(39,21)
(38,21)1263226516(38,22)
(39,21)979081260(40,21)
(39,21)1141071858(39,22)
(40,21)2117145256(41,21)
(40,21)403421995(40,22)
(41,21)417237050(42,21)
(41,21)552009387(41,22)
(42,21)1424460880(43,21)
(42,21)2121277339(42,22)
(43,21)189276112(44,21)
(43,21)571355718(43,22)
(44,21)1496666940(45,21)
(44,21)1876390001(44,22)
(45,21)1483552076(46,21)
(45,21)776615817(45,22)
(46,21)61837928(47,21)
(46,21)1666989217(46,22)
(47,21)68134511(48,21)
(47,21)62582422(47,22)
(48,21)1847602003(49,21)
(48,21)885368939(48,22)
(49,21)1333845925(49,22)
(0,22)904323000(1,22)
(0,22)379559955(0,23)
(1,22)508465996(2,22)
(1,22)2024656410(1,23)
(2,22)837753618(3,22)
(2,22)449314588(2,23)
(3,22)1594641062(4,22)
(3,22)823799952(3,23)
(4,22)795688897(5,22)
(4,22)2100980134(4,23)
(5,22)932577746(6,22)
(5,22)588229272(5,23)
(6,22)557890880(7,22)
(6,22)1199110893(6,23)
(7,22)1616347943(8,22)
(7,22)1484587133(7,23)
(8,22)761564366(9,22)
(8,22)531684571(8,23)
(9,22)720960683(10,22)
(9,22)40220013(9,23)
(10,22)1536886953(11,22)
(10,22)490470719(10,23)
(11,22)1974022796(12,22)
(11,22)1497576501(11,23)
(12,22)1559414429(13,22)
(12,22)1056392522(12,23)
(13,22)1124527034(14,22)
(13,22)2036605218(13,23)
(14,22)1736723573(15,22)
(14,22)297299720(14,23)
(15,22)676859675(16,22)
(15,22)310889311(15,23)
(16,22)188062073(17,22)
(16,22)493562926(16,23)
(17,22)942877514(18,22)
(17,22)1185325671(17,23)
(18,22)2009125624(19,22)
(18,22)1025815692(18,23)
(19,22)979312178(20,22)
(19,22)390034928(19,23)
(20,22)978264201(21,22)
(20,22)657330873(20,23)
(21,22)1856441766(22,22)
(21,22)1911889925(21,23)
(22,22)1248993410(23,22)
(22,22)1536155081(22,23)
(23,22)2067839653(24,22)
(23,22)1325306061(23,23)
(24,22)1365526074(25,22)
(24,22)2010557776(24,23)
(25,22)353544848(26,22)
(25,22)641316688(25,23)
(26,22)2138893189(27,22)
(26,22)754929379(26,23)
(27,22)1811321902(28,22)
(27,22)180083996(27,23)
(28,22)69205566(29,22)
(28,22)1550823970(28,23)
(29,22)1848123690(30,22)
(29,22)788365288(29,23)
(30,22)1099254599(31,22)
(30,22)1805929140(30,23)
(31,22)152008418(32,22)
(31,22)377499718(31,23)
(32,22)1562825389(33,22)
(32,22)1287316672(32,23)
(33,22)165648716(34,22)
(33,22)1094885932(33,23)
(34,22)1484920860(35,22)
(34,22)1424467365(34,23)
(35,22)2081798239(36,22)
(35,22)1144960895(35,23)
(36,22)909367172(37,22)
(36,22)315701413(36,23)
(37,22)1851856495(38,22)
(37,22)1790756357(37,23)
(38,22)968578771(39,22)
(38,22)10876934(38,23)
(39,22)2021434711(40,22)
(39,22)1772212500(39,23)
(40,22)266045540(41,22)
(40,22)186621197(40,23)
(41,22)941550577(42,22)
(41,22)227495911(41,23)
(42,22)407579907(43,22)
(42,22)257455082(42,23)
(43,22)1808279052(44,22)
(43,22)605388831(43,23)
(44,22)1393754119(45,22)
(44,22)476785473(44,23)
(45,22)135230965(46,22)
(45,22)1508919095(45,23)
(46,22)1886418813(47,22)
(46,22)345525070(46,23)
(47,22)1632841742(48,22)
(47,22)287239383(47,23)
(48,22)1382125315(49,22)
(48,22)1301760554(48,23)
(49,22)1798490459(49,23)
(0,23)719562528(1,23)
(0,23)578744272(0,24)
(1,23)513058863(2,23)
(1,23)795967706(1,24)
(2,23)1705334878(3,23)
(2,23)1035263941(2,24)
(3,23)739636788(4,23)
(3,23)156331572(3,24)
(4,23)1124910343(5,23)
(4,23)1716211812(4,24)
(5,23)1590162875(6,23)
(5,23)364365640(5,24)
(6,23)630411181(7,23)
(6,23)1311531541(6,24)
(7,23)105598470(8,23)
(7,23)1817658786(7,24)
(8,23)77755045(9,23)
(8,23)887866263(8,24)
(9,23)548661667(10,23)
(9,23)710987301(9,24)
(10,23)2104741420(11,23)
(10,23)554540519(10,24)
(11,23)689771484(12,23)
(11,23)2057580762(11,24)
(12,23)1796515927(13,23)
(12,23)302782842(12,24)
(13,23)1935624584(14,23)
(13,23)977010868(13,24)
(14,23)211652535(15,23)
(14,23)950792834(14,24)
(15,23)1529537106(16,23)
(15,23)1586631395(15,24)
(16,23)235115453(17,23)
(16,23)931215063(16,24)
(17,23)1966479005(18,23)
(17,23)2042595969(17,24)
(18,23)51443893(19,23)
(18,23)1940450331(18,24)
(19,23)1509178496(20,23)
(19,23)558632145(19,24)
(20,23)922997786(21,23)
(20,23)1176354237(20,24)
(21,23)340402130(22,23)
(21,23)951857723(21,24)
(22,23)622032862(23,23)
(22,23)1553408967(22,24)
(23,23)293791582(24,23)
(23,23)446000600(23,24)
(24,23)1156987901(25,23)
(24,23)699787907(24,24)
(25,23)1254328426(26,23)
(25,23)842453249(25,24)
(26,23)752550364(27,23)
(26,23)1114245673(26,24)
(27,23)1417028515(28,23)
(27,23)1944099911(27,24)
(28,23)773627131(29,23)
(28,23)401582643(28,24)
(29,23)1352375477(30,23)
(29,23)1205169451(29,24)
(30,23)644317199(31,23)
(30,23)985279666(30,24)
(31,23)1916494730(32,23)
(31,23)734428935(31,24)
(32,23)629541256(33,23)
(32,23)879432652(32,24)
(33,23)672399336(34,23)
(33,23)1735490087(33,24)
(34,23)146638584(35,23)
(34,23)680985150(34,24)
(35,23)1857339387(36,23)
(35,23)34094184(35,24)
(36,23)985951907(37,23)
(36,23)1069636370(36,24)
(37,23)475561689(38,23)
(37,23)50257869(37,24)
(38,23)496258469(39,23)
(38,23)1607984769(38,24)
(39,23)160289029(40,23)
(39,23)769353271(39,24)
(40,23)1611806521(41,23)
(40,23)1653246370(40,24)
(41,23)620008395(42,23)
(41,23)1414617455(41,24)
(42,23)1211233718(43,23)
(42,23)216873237(42,24)
(43,23)618455880(44,23)
(43,23)2037036910(43,24)
(44,23)1094722713(45,23)
(44,23)1984860849(44,24)
(45,23)822656868(46,23)
(45,23)1970831358(45,24)
(46,23)557776645(47,23)
(46,23)1739039912(46,24)
(47,23)470988917(48,23)
(47,23)591667950(47,24)
(48,23)179674389(49,23)
(48,23)1187317902(48,24)
(49,23)1143388253(49,24)
(0,24)326312973(1,24)
(0,24)1868303052(0,25)
(1,24)1578158791(2,24)
(1,24)1177482437(1,25)
(2,24)15950696(3,24)
(2,24)1395949344(2,25)
(3,24)1871511033(4,24)
(3,24)1628416660(3,25)
(4,24)2124675129(5,24)
(4,24)1623935466(4,25)
(5,24)1784224495(6,24)
(5,24)493380657(5,25)
(6,24)2105187178(7,24)
(6,24)1630437851(6,25)
(7,24)102962598(8,24)
(7,24)1051358302(7,25)
(8,24)115108373(9,24)
(8,24)174576767(8,25)
(9,24)793032647(10,24)
(9,24)2139999508(9,25)
(10,24)1087238573(11,24)
(10,24)2099969222(10,25)
(11,24)775142442(12,24)
(11,24)616380357(11,25)
(12,24)1174157003(13,24)
(12,24)678794838(12,25)
(13,24)1149783755(14,24)
(13,24)1366810392(13,25)
(14,24)1546484781(15,24)
(14,24)213991257(14,25)
(15,24)2082294309(16,24)
(15,24)145688360(15,25)
(16,24)1323170797(17,24)
(16,24)1872797755(16,25)
(17,24)1121263451(18,24)
(17,24)1512969452(17,25)
(18,24)993902464(19,24)
(18,24)1339121493(18,25)
(19,24)815573311(20,24)
(19,24)845290836(19,25)
(20,24)1338671493(21,24)
(20,24)971093945(20,25)
(21,24)454048148(22,24)
(21,24)452314158(21,25)
(22,24)1503672461(23,24)
(22,24)1296375023(22,25)
(23,24)1470951790(24,24)
(23,24)557010746(23,25)
(24,24)549526606(25,24)
(24,24)1618780834(24,25)
(25,24)1571266408(26,24)
(25,24)116500790(25,25)
(26,24)732881147(27,24)
(26,24)1636765179(26,25)
(27,24)168076369(28,24)
(27,24)198925203(27,25)
(28,24)1565735595(29,24)
(28,24)1907038150(28,25)
(29,24)2121029407(30,24)
(29,24)1317860124(29,25)
(30,24)1463548484(31,24)
(30,24)964736729(30,25)
(31,24)690050836(32,24)
(31,24)2055840068(31,25)
(32,24)1421325872(33,24)
(32,24)639235633(32,25)
(33,24)1978357127(34,24)
(33,24)1811314287(33,25)
(34,24)509121475(35,24)
(34,24)267744688(34,25)
(35,24)1238838633(36,24)
(35,24)646446790(35,25)
(36,24)1098760949(37,24)
(36,24)1847792969(36,25)
(37,24)996684344(38,24)
(37,24)1692886781(37,25)
(38,24)102413879(39,24)
(38,24)454949762(38,25)
(39,24)2073730596(40,24)
(39,24)320152487(39,25)
(40,24)436653277(41,24)
(40,24)651940485(40,25)
(41,24)141222017(42,24)
(41,24)1497513356(41,25)
(42,24)1696438559(43,24)
(42,24)1169534424(42,25)
(43,24)929088927(44,24)
(43,24)309298386(43,25)
(44,24)1627158511(45,24)
(44,24)1114690507(44,25)
(45,24)2079427236(46,24)
(45,24)902634686(45,25)
(46,24)810991107(47,24)
(46,24)943223347(46,25)
(47,24)1582458981(48,24)
(47,24)621994424(47,25)
(48,24)285825063(49,24)
(48,24)84833331(48,25)
(49,24)1413332460(49,25)
(0,25)794946538(1,25)
(0,25)352578020(0,26)
(1,25)1591416653(2,25)
(1,25)2059779250(1,26)
(2,25)1011056551(3,25)
(2,25)495255859(2,26)
(3,25)1491940204(4,25)
(3,25)1136819787(3,26)
(4,25)1239233666(5,25)
(4,25)1466006313(4,26)
(5,25)1392253261(6,25)
(5,25)1812092691(5,26)
(6,25)101262320(7,25)
(6,25)1891174152(6,26)
(7,25)2032396169(8,25)
(7,25)742282970(7,26)
(8,25)291237881(9,25)
(8,25)1270796744(8,26)
(9,25)52402023(10,25)
(9,25)194210907(9,26)
(10,25)1821369418(11,25)
(10,25)1405928388(10,26)
(11,25)1337871976(12,25)
(11,25)955036710(11,26)
(12,25)1766027817(13,25)
(12,25)617109118(12,26)
(13,25)52084451(14,25)
(13,25)1959866400(13,26)
(14,25)98207815(15,25)
(14,25)1850861148(14,26)
(15,25)55955520(16,25)
(15,25)1465416911(15,26)
(16,25)1377712513(17,25)
(16,25)893154354(16,26)
(17,25)1388410213(18,25)
(17,25)1647372174(17,26)
(18,25)636708313(19,25)
(18,25)241285417(18,26)
(19,25)1707291730(20,25)
(19,25)732866769(19,26)
(20,25)397475812(21,25)
(20,25)1875941979(20,26)
(21,25)1619632483(22,25)
(21,25)952061344(21,26)
(22,25)1694344314(23,25)
(22,25)498738132(22,26)
(23,25)1769534877(24,25)
(23,25)1504545004(23,26)
(24,25)1698755912(25,25)
(24,25)1985582195(24,26)
(25,25)1244026936(26,25)
(25,25)1821936900(25,26)
(26,25)629489962(27,25)
(26,25)1372641682(26,26)
(27,25)1989750800(28,25)
(27,25)434415264(27,26)
(28,25)246798017(29,25)
(28,25)248034131(28,26)
(29,25)2098895280(30,25)
(29,25)2041835251(29,26)
(30,25)1359768514(31,25)
(30,25)345005832(30,26)
(31,25)1238160186(32,25)
(31,25)7367152(31,26)
(32,25)1654739326(33,25)
(32,25)589997380(32,26)
(33,25)831282797(34,25)
(33,25)479086752(33,26)
(34,25)1211953521(35,25)
(34,25)143963991(34,26)
(35,25)2019905971(36,25)
(35,25)391090879(35,26)
(36,25)1343152223(37,25)
(36,25)1609429334(36,26)
(37,25)2108167466(38,25)
(37,25)1492054806(37,26)
(38,25)849116163(39,25)
(38,25)890012889(38,26)
(39,25)728111437(40,25)
(39,25)1730218695(39,26)
(40,25)1404671948(41,25)
(40,25)400388427(40,26)
(41,25)1773030109(42,25)
(41,25)1972138373(41,26)
(42,25)259069989(43,25)
(42,25)2034161910(42,26)
(43,25)134712394(44,25)
(43,25)1615297262(43,26)
(44,25)1509648865(45,25)
(44,25)505868006(44,26)
(45,25)850873839(46,25)
(45,25)86124026(45,26)
(46,25)93491178(47,25)
(46,25)721933732(46,26)
(47,25)1311931112(48,25)
(47,25)2089034025(47,26)
(48,25)420637129(49,25)
(48,25)1748230505(48,26)
(49,25)2143213909(49,26)
(0,26)1632590651(1,26)
(0,26)1892194496(0,27)
(1,26)1764616819(2,26)
(1,26)386821140(1,27)
(2,26)1729973364(3,26)
(2,26)1094536337(2,27)
(3,26)1055220155(4,26)
(3,26)1109187978(3,27)
(4,26)1958304141(5,26)
(4,26)472502605(4,27)
(5,26)1200614042(6,26)
(5,26)637955203(5,27)
(6,26)2042627151(7,26)
(6,26)211208920(6,27)
(7,26)1984239029(8,26)
(7,26)1025268767(7,27)
(8,26)1284338757(9,26)
(8,26)1929305413(8,27)
(9,26)2064017807(10,26)
(9,26)1452052643(9,27)
(10,26)814217861(11,26)
(10,26)1790206763(10,27)
(11,26)493596954(12,26)
(11,26)2658185(11,27)
(12,26)96149364(13,26)
(12,26)1536151593(12,27)
(13,26)700599057(14,26)
(13,26)435147332(13,27)
(14,26)855784461(15,26)
(14,26)1844379869(14,27)
(15,26)1589090717(16,26)
(15,26)696329318(15,27)
(16,26)1083150458(17,26)
(16,26)340891464(16,27)
(17,26)1435427801(18,26)
(17,26)1206223889(17,27)
(18,26)167928219(19,26)
(18,26)665640174(18,27)
(19,26)1138142780(20,26)
(19,26)343164309(19,27)
(20,26)981119512(21,26)
(20,26)2126232360(20,27)
(21,26)189957632(22,26)
(21,26)191273174(21,27)
(22,26)1216541942(23,26)
(22,26)876263015(22,27)
(23,26)658084780(24,26)
(23,26)26713013(23,27)
(24,26)1478765657(25,26)
(24,26)353397051(24,27)
(25,26)2143603814(26,26)
(25,26)574618940(25,27)
(26,26)577277125(27,26)
(26,26)145499870(26,27)
(27,26)1681651463(28,26)
(27,26)489717121(27,27)
(28,26)924864453(29,26)
(28,26)673426489(28,27)
(29,26)370322710(30,26)
(29,26)234766872(29,27)
(30,26)931096190(31,26)
(30,26)1780648914(30,27)
(31,26)2121540379(32,26)
(31,26)1959413428(31,27)
(32,26)1018153669(33,26)
(32,26)2014246648(32,27)
(33,26)532403175(34,26)
(33,26)1409484532(33,27)
(34,26)1752648841(35,26)
(34,26)1186081888(34,27)
(35,26)1164830600(36,26)
(35,26)1670545955(35,27)
(36,26)1861819129(37,26)
(36,26)586284705(36,27)
(37,26)1462547720(38,26)
(37,26)1354788232(37,27)
(38,26)1381501245(39,26)
(38,26)930877423(38,27)
(39,26)1284274474(40,26)
(39,26)2120632501(39,27)
(40,26)547767793(41,26)
(40,26)712783254(40,27)
(41,26)858283124(42,26)
(41,26)1280394641(41,27)
(42,26)1770111762(43,26)
(42,26)1125044918(42,27)
(43,26)1798471408(44,26)
(43,26)392450939(43,27)
(44,26)627217811(45,26)
(44,26)547492567(44,27)
(45,26)180657833(46,26)
(45,26)21310470(45,27)
(46,26)1980723898(47,26)
(46,26)1558314001(46,27)
(47,26)1425077002(48,26)
(47,26)154714564(47,27)
(48,26)1564199097(49,26)
(48,26)851393919(48,27)
(49,26)1957480177(49,27)
(0,27)1169364290(1,27)
(0,27)2037475807(0,28)
(1,27)1054822759(2,27)
(1,27)1480542484(1,28)
(2,27)1194877965(3,27)
(2,27)1755648996(2,28)
(3,27)1070713068(4,27)
(3,27)262127343(3,28)
(4,27)1643628589(5,27)
(4,27)2125755389(4,28)
(5,27)1262546215(6,27)
(5,27)1043861921(5,28)
(6,27)1591629714(7,27)
(6,27)208928195(6,28)
(7,27)1067211320(8,27)
(7,27)395457208(7,28)
(8,27)18085322(9,27)
(8,27)569190985(8,28)
(9,27)220178745(10,27)
(9,27)1459662259(9,28)
(10,27)2086880071(11,27)
(10,27)565577889(10,28)
(11,27)746235723(12,27)
(11,27)241489215(11,28)
(12,27)74729466(13,27)
(12,27)1497710424(12,28)
(13,27)775303778(14,27)
(13,27)900950287(13,28)
(14,27)317665736(15,27)
(14,27)926123385(14,28)
(15,27)816115545(16,27)
(15,27)585300307(15,28)
(16,27)2065842791(17,27)
(16,27)1487030027(16,28)
(17,27)1095195375(18,27)
(17,27)1870938304(17,28)
(18,27)2133065648(19,27)
(18,27)1113237109(18,28)
(19,27)1091508850(20,27)
(19,27)18424795(19,28)
(20,27)1062286717(21,27)
(20,27)1629210589(20,28)
(21,27)1838138784(22,27)
(21,27)206571417(21,28)
(22,27)602028626(23,27)
(22,27)506432783(22,28)
(23,27)1075623768(24,27)
(23,27)757866456(23,28)
(24,27)70045068(25,27)
(24,27)620113948(24,28)
(25,27)1185691838(26,27)
(25,27)1295802513(25,28)
(26,27)1537291729(27,27)
(26,27)9441491(26,28)
(27,27)1507151915(28,27)
(27,27)1931927561(27,28)
(28,27)685394200(29,27)
(28,27)1612021195(28,28)
(29,27)390660932(30,27)
(29,27)134972046(29,28)
(30,27)720272353(31,27)
(30,27)1003059937(30,28)
(31,27)342606316(32,27)
(31,27)1206776477(31,28)
(32,27)930231134(33,27)
(32,27)638631497(32,28)
(33,27)1751868606(34,27)
(33,27)1437801691(33,28)
(34,27)1456226486(35,27)
(34,27)915813134(34,28)
(35,27)397540075(36,27)
(35,27)695893808(35,28)
(36,27)902465225(37,27)
(36,27)371029555(36,28)
(37,27)877462339(38,27)
(37,27)88195211(37,28)
(38,27)846061668(39,27)
(38,27)1504493851(38,28)
(39,27)2124607800(40,27)
(39,27)1953086107(39,28)
(40,27)1101404973(41,27)
(40,27)916106736(40,28)
(41,27)925548227(42,27)
(41,27)1162815990(41,28)
(42,27)947259903(43,27)
(42,27)491213054(42,28)
(43,27)2103234249(44,27)
(43,27)285216494(43,28)
(44,27)420188540(45,27)
(44,27)1632654103(44,28)
(45,27)488230392(46,27)
(45,27)346411533(45,28)
(46,27)1553188011(47,27)
(46,27)1140460894(46,28)
(47,27)1779092391(48,27)
(47,27)830836708(47,28)
(48,27)121154751(49,27)
(48,27)335935497(48,28)
(49,27)1383477349(49,28)
(0,28)1577381238(1,28)
(0,28)1251748631(0,29)
(1,28)1649288706(2,28)
(1,28)2079371157(1,29)
(2,28)834352734(3,28)
(2,28)1948410793(2,29)
(3,28)678389484(4,28)
(3,28)1737483917(3,29)
(4,28)436061937(5,28)
(4,28)191362938(4,29)
(5,28)168487090(6,28)
(5,28)483991944(5,29)
(6,28)1585396917(7,28)
(6,28)1352168673(6,29)
(7,28)130233252(8,28)
(7,28)1331303080(7,29)
(8,28)131079335(9,28)
(8,28)2076609971(8,29)
(9,28)2032360572(10,28)
(9,28)415449747(9,29)
(10,28)835638287(11,28)
(10,28)1763733438(10,29)
(11,28)104480183(12,28)
(11,28)231288457(11,29)
(12,28)1784476468(13,28)
(12,28)1976099181(12,29)
(13,28)1607707924(14,28)
(13,28)935316891(13,29)
(14,28)1056471643(15,28)
(14,28)2120411965(14,29)
(15,28)1224676948(16,28)
(15,28)843701625(15,29)
(16,28)775589134(17,28)
(16,28)486369233(16,29)
(17,28)287296378(18,28)
(17,28)726482006(17,29)
(18,28)316482276(19,28)
(18,28)1609941869(18,29)
(19,28)1801304807(20,28)
(19,28)965685863(19,29)
(20,28)1449677807(21,28)
(20,28)752544213(20,29)
(21,28)2104712887(22,28)
(21,28)1969791897(21,29)
(22,28)1153611329(23,28)
(22,28)887591076(22,29)
(23,28)816717399(24,28)
(23,28)87462491(23,29)
(24,28)502912238(25,28)
(24,28)1284690664(24,29)
(25,28)900940454(26,28)
(25,28)701594323(25,29)
(26,28)932882780(27,28)
(26,28)1338550526(26,29)
(27,28)1167166059(28,28)
(27,28)1005420637(27,29)
(28,28)1940737529(29,28)
(28,28)569875601(28,29)
(29,28)542803918(30,28)
(29,28)627390336(29,29)
(30,28)1471091961(31,28)
(30,28)849725524(30,29)
(31,28)1336094757(32,28)
(31,28)1767480867(31,29)
(32,28)346479225(33,28)
(32,28)99197448(32,29)
(33,28)1709139317(34,28)
(33,28)1623391135(33,29)
(34,28)441593350(35,28)
(34,28)662961501(34,29)
(35,28)1415505715(36,28)
(35,28)1362960476(35,29)
(36,28)1185268725(37,28)
(36,28)1891271157(36,29)
(37,28)631378585(38,28)
(37,28)1372734954(37,29)
(38,28)1460197445(39,28)
(38,28)191396406(38,29)
(39,28)1476087070(40,28)
(39,28)1448095984(39,29)
(40,28)2206659(41,28)
(40,28)1963109684(40,29)
(41,28)1154176562(42,28)
(41,28)229543876(41,29)
(42,28)1234964514(43,28)
(42,28)935089440(42,29)
(43,28)1504965041(44,28)
(43,28)173858973(43,29)
(44,28)801249309(45,28)
(44,28)1028218395(44,29)
(45,28)1877943919(46,28)
(45,28)2047768959(45,29)
(46,28)1667766178(47,28)
(46,28)124857623(46,29)
(47,28)224055071(48,28)
(47,28)1066555028(47,29)
(48,28)542462515(49,28)
(48,28)2014245404(48,29)
(49,28)1933194388(49,29)
(0,29)529723257(1,29)
(1,29)984055866(2,29)
(2,29)1148671216(3,29)
(3,29)1945228972(4,29)
(4,29)727843375(5,29)
(5,29)186456293(6,29)
(6,29)1170480278(7,29)
(7,29)1359221961(8,29)
(8,29)377852699(9,29)
(9,29)483194076(10,29)
(10,29)659834297(11,29)
(11,29)1853939769(12,29)
(12,29)298820112(13,29)
(13,29)662040957(14,29)
(14,29)2083483645(15,29)
(15,29)1452996674(16,29)
(16,29)1597130397(17,29)
(17,29)1170964511(18,29)
(18,29)1626855647(19,29)
(19,29)954611790(20,29)
(20,29)51699258(21,29)
(21,29)280621309(22,29)
(22,29)854897101(23,29)
(23,29)1929643177(24,29)
(24,29)405478932(25,29)
(25,29)375179632(26,29)
(26,29)848714557(27,29)
(27,29)629534003(28,29)
(28,29)241941388(29,29)
(29,29)1391177073(30,29)
(30,29)415244743(31,29)
(31,29)771664645(32,29)
(32,29)227749291(33,29)
(33,29)1563915959(34,29)
(34,29)569409970(35,29)
(35,29)955592666(36,29)
(36,29)1750372252(37,29)
(37,29)1739890248(38,29)
(38,29)167330979(39,29)
(39,29)2128224951(40,29)
(40,29)75600676(41,29)
(41,29)827165277(42,29)
(42,29)1834681072(43,29)
(43,29)374420788(44,29)
(44,29)1489206234(45,29)
(45,29)1770681069(46,29)
(46,29)1827417462(47,29)
(47,29)938852983(48,29)
(48,29)794161933(49,29)
