50 5
(0,0)99788765(1,0)
(0,0)590011675(0,1)
(1,0)171864072(2,0)
(1,0)2131925610(1,1)
(2,0)171035632(3,0)
(2,0)317159276(2,1)
(3,0)963050649(4,0)
(3,0)602511920(3,1)
(4,0)1919854381(5,0)
(4,0)1069979073(4,1)
(5,0)589806848(6,0)
(5,0)33661026(5,1)
(6,0)475191198(7,0)
(6,0)2086105860(6,1)
(7,0)550050020(8,0)
(7,0)894416410(7,1)
(8,0)583787226(9,0)
(8,0)780437020(8,1)
(9,0)550277486(10,0)
(9,0)893281828(9,1)
(10,0)990569005(11,0)
(10,0)650366414(10,1)
(11,0)612872373(12,0)
(11,0)968873679(11,1)
(12,0)1764676460(13,0)
(12,0)163967331(12,1)
(13,0)841258873(14,0)
(13,0)2072834383(13,1)
(14,0)2082417967(15,0)
(14,0)802348052(14,1)
(15,0)1392359727(16,0)
(15,0)1025141346(15,1)
(16,0)1009583308(17,0)
(16,0)34723084(16,1)
(17,0)351882361(18,0)
(17,0)1564223799(17,1)
(18,0)19252071(19,0)
(18,0)1180618940(18,1)
(19,0)103114365(20,0)
(19,0)1314933010(19,1)
(20,0)1348594037(21,0)
(20,0)1939106453(20,1)
(21,0)1877728665(22,0)
(21,0)692921213(21,1)
(22,0)1587337623(23,0)
(22,0)1823785235(22,1)
(23,0)456738607(24,0)
(23,0)280295037(23,1)
(24,0)1173576865(25,0)
(24,0)23641201(24,1)
(25,0)674007615(26,0)
(25,0)1007016093(25,1)
(26,0)1975889773(27,0)
(26,0)16662222(26,1)
(27,0)180629553(28,0)
(27,0)1286879988(27,1)
(28,0)1212230723(29,0)
(28,0)1593082585(28,1)
(29,0)247946989(30,0)
(29,0)1021888427(29,1)
(30,0)2047029773(31,0)
(30,0)1147165042(30,1)
(31,0)1181888127(32,0)
(31,0)1640306716(31,1)
(32,0)1057046868(33,0)
(32,0)909129433(32,1)
(33,0)2089748373(34,0)
(33,0)1533770488(33,1)
(34,0)701219850(35,0)
(34,0)1076298939(34,1)
(35,0)867921744(36,0)
(35,0)45379090(35,1)
(36,0)738300303(37,0)
(36,0)2049813887(36,1)
(37,0)1726115474(38,0)
(37,0)598166761(37,1)
(38,0)878461798(39,0)
(38,0)178154278(38,1)
(39,0)201795479(40,0)
(39,0)35370433(39,1)
(40,0)1042386527(41,0)
(40,0)2052038663(40,1)
(41,0)2068700886(42,0)
(41,0)875803094(41,1)
(42,0)15199434(43,0)
(42,0)870792652(42,1)
(43,0)316391589(44,0)
(43,0)101846791(43,1)
(44,0)1123735218(45,0)
(44,0)1227430158(44,1)
(45,0)227111552(46,0)
(45,0)564338578(45,1)
(46,0)57161646(47,0)
(46,0)1023281343(46,1)
(47,0)1932410776(48,0)
(47,0)1408999679(47,1)
(48,0)795286519(49,0)
(48,0)1114208514(48,1)
(49,0)1874675501(49,1)
(0,1)1496506370(1,1)
(0,1)43023806(0,2)
(1,1)910945550(2,1)
(1,1)1920054591(1,2)
(2,1)510871246(3,1)
(2,1)1398836609(2,2)
(3,1)977468436(4,1)
(3,1)1509112312(3,2)
(4,1)240090462(5,1)
(4,1)689025524(4,2)
(5,1)890821003(6,1)
(5,1)1012838869(5,2)
(6,1)2055225396(7,1)
(6,1)144645478(6,2)
(7,1)65862716(8,1)
(7,1)1766624097(7,2)
(8,1)1781823532(9,1)
(8,1)778534400(8,2)
(9,1)1094925989(10,1)
(9,1)167709507(9,2)
(10,1)1291444726(11,1)
(10,1)861770042(10,2)
(11,1)1088881594(12,1)
(11,1)1659264567(11,2)
(12,1)1716426214(13,1)
(12,1)167242421(12,2)
(13,1)2099653198(14,1)
(13,1)350397626(13,2)
(14,1)1145684145(15,1)
(14,1)683151080(14,2)
(15,1)726174886(16,1)
(15,1)1826845051(15,2)
(16,1)1599415995(17,1)
(16,1)494706867(16,2)
(17,1)1893543477(18,1)
(17,1)1637120437(17,2)
(18,1)998749101(19,1)
(18,1)2110287241(18,2)
(19,1)651829118(20,1)
(19,1)723528265(19,2)
(20,1)1736367134(21,1)
(20,1)1238839563(20,2)
(21,1)1383485041(22,1)
(21,1)1542650121(21,2)
(22,1)1161790571(23,1)
(22,1)1644108883(22,2)
(23,1)275159635(24,1)
(23,1)1449347757(23,2)
(24,1)1617057265(25,1)
(24,1)796130455(24,2)
(25,1)1657900497(26,1)
(25,1)1370085625(25,2)
(26,1)881866544(27,1)
(26,1)761018343(26,2)
(27,1)928260764(28,1)
(27,1)599298443(27,2)
(28,1)949696069(29,1)
(28,1)450809110(28,2)
(29,1)1133960191(30,1)
(29,1)880430314(29,2)
(30,1)559791718(31,1)
(30,1)2095380215(30,2)
(31,1)442603434(32,1)
(31,1)1860135077(31,2)
(32,1)1349771866(33,1)
(32,1)11724065(32,2)
(33,1)2122011306(34,1)
(33,1)188663263(33,2)
(34,1)912191528(35,1)
(34,1)201037319(34,2)
(35,1)1439876883(36,1)
(35,1)626356776(35,2)
(36,1)21523250(37,1)
(36,1)501075015(36,2)
(37,1)2145183898(38,1)
(37,1)675878276(37,2)
(38,1)2125226034(39,1)
(38,1)1183313821(38,2)
(39,1)1979444276(40,1)
(39,1)272859885(39,2)
(40,1)1642945510(41,1)
(40,1)1594799651(40,2)
(41,1)208334346(42,1)
(41,1)1489861125(41,2)
(42,1)2089159568(43,1)
(42,1)377328407(42,2)
(43,1)828137517(44,1)
(43,1)1136595110(43,2)
(44,1)2017025425(45,1)
(44,1)891371990(44,2)
(45,1)839268557(46,1)
(45,1)1962097708(45,2)
(46,1)1674749138(47,1)
(46,1)429333495(46,2)
(47,1)441057560(48,1)
(47,1)1281871991(47,2)
(48,1)1470535255(49,1)
(48,1)877037356(48,2)
(49,1)415585218(49,2)
(0,2)235243135(1,2)
(0,2)1078074676(0,3)
(1,2)370467911(2,2)
(1,2)1041941995(1,3)
(2,2)1063465245(3,2)
(2,2)736318150(2,3)
(3,2)734018400(4,2)
(3,2)1046346187(3,3)
(4,2)1024088573(5,2)
(4,2)99295418(4,3)
(5,2)2078739694(6,2)
(5,2)1006878286(5,3)
(6,2)502340148(7,2)
(6,2)471404576(6,3)
(7,2)679738922(8,2)
(7,2)1421117171(7,3)
(8,2)1362793091(9,2)
(8,2)879668555(8,3)
(9,2)1707806073(10,2)
(9,2)1816334033(9,3)
(10,2)1685875810(11,2)
(10,2)106681433(10,3)
(11,2)945949990(12,2)
(11,2)1522420133(11,3)
(12,2)1049685623(13,2)
(12,2)2115209305(12,3)
(13,2)408783217(14,2)
(13,2)80338334(13,3)
(14,2)1550873589(15,2)
(14,2)1926722980(14,3)
(15,2)857314008(16,2)
(15,2)824368435(15,3)
(16,2)1866310430(17,2)
(16,2)1786116724(16,3)
(17,2)374951227(18,2)
(17,2)1227781919(17,3)
(18,2)126644458(19,2)
(18,2)782292027(18,3)
(19,2)881587445(20,2)
(19,2)1108969627(19,3)
(20,2)2115847913(21,2)
(20,2)1150733032(20,3)
(21,2)1622137608(22,2)
(21,2)812843491(21,3)
(22,2)86477014(23,2)
(22,2)470704414(22,3)
(23,2)1350372969(24,2)
(23,2)154392883(23,3)
(24,2)1970726916(25,2)
(24,2)1449270106(24,3)
(25,2)1555951539(26,2)
(25,2)910695394(25,3)
(26,2)285631880(27,2)
(26,2)1509119078(26,3)
(27,2)1476844735(28,2)
(27,2)354417882(27,3)
(28,2)434756216(29,2)
(28,2)1335317503(28,3)
(29,2)1114556835(30,2)
(29,2)1885627952(29,3)
(30,2)562512739(31,2)
(30,2)1985629805(30,3)
(31,2)1624262881(32,2)
(31,2)1971870843(31,3)
(32,2)1052169114(33,2)
(32,2)281339522(32,3)
(33,2)1063631549(34,2)
(33,2)1999214108(33,3)
(34,2)960700088(35,2)
(34,2)1178813573(34,3)
(35,2)182062957(36,2)
(35,2)1945218995(35,3)
(36,2)610578838(37,2)
(36,2)929064353(36,3)
(37,2)1399768767(38,2)
(37,2)1804200565(37,3)
(38,2)1958593448(39,2)
(38,2)697055853(38,3)
(39,2)2146325959(40,2)
(39,2)602658089(39,3)
(40,2)1513353483(41,2)
(40,2)1781836716(40,3)
(41,2)1143472146(42,2)
(41,2)1554793850(41,3)
(42,2)1909211732(43,2)
(42,2)1798985363(42,3)
(43,2)986819219(44,2)
(43,2)472833233(43,3)
(44,2)210977537(45,2)
(44,2)196484300(44,3)
(45,2)34630457(46,2)
(45,2)2101376054(45,3)
(46,2)1925763250(47,2)
(46,2)773490277(46,3)
(47,2)1054829799(48,2)
(47,2)1658893339(47,3)
(48,2)1510623799(49,2)
(48,2)830448716(48,3)
(49,2)2118461348(49,3)
(0,3)323840239(1,3)
(0,3)2009262289(0,4)
(1,3)43841598(2,3)
(1,3)1916196695(1,4)
(2,3)379291886(3,3)
(2,3)1252904593(2,4)
(3,3)505189712(4,3)
(3,3)1848042164(3,4)
(4,3)1659151964(5,3)
(4,3)1076347739(4,4)
(5,3)1075190050(6,3)
(5,3)1107847801(5,4)
(6,3)473717637(7,3)
(6,3)1293505033(6,4)
(7,3)289493531(8,3)
(7,3)482500252(7,4)
(8,3)244228337(9,3)
(8,3)125219352(8,4)
(9,3)1112038571(10,3)
(9,3)762326765(9,4)
(10,3)973304302(11,3)
(10,3)440712637(10,4)
(11,3)475343095(12,3)
(11,3)1065930978(11,4)
(12,3)844210580(13,3)
(12,3)1746794579(12,4)
(13,3)654140730(14,3)
(13,3)2134236434(13,4)
(14,3)1497376585(15,3)
(14,3)1674659296(14,4)
(15,3)1536437938(16,3)
(15,3)625118431(15,4)
(16,3)393831478(17,3)
(16,3)1821216825(16,4)
(17,3)926637770(18,3)
(17,3)1580279536(17,4)
(18,3)1280838052(19,3)
(18,3)773123364(18,4)
(19,3)1849471103(20,3)
(19,3)1431827482(19,4)
(20,3)392191636(21,3)
(20,3)792506369(20,4)
(21,3)2086011402(22,3)
(21,3)777177505(21,4)
(22,3)1259677758(23,3)
(22,3)865909273(22,4)
(23,3)991128625(24,3)
(23,3)228021285(23,4)
(24,3)990348050(25,3)
(24,3)1503906095(24,4)
(25,3)1944618732(26,3)
(25,3)2103167197(25,4)
(26,3)1021614527(27,3)
(26,3)1963652353(26,4)
(27,3)1562963284(28,3)
(27,3)272478179(27,4)
(28,3)259230965(29,3)
(28,3)1865825107(28,4)
(29,3)1393000755(30,3)
(29,3)69620367(29,4)
(30,3)694738798(31,3)
(30,3)1756607551(30,4)
(31,3)1430340728(32,3)
(31,3)781955045(31,4)
(32,3)214750934(33,3)
(32,3)1088570276(32,4)
(33,3)1861693641(34,3)
(33,3)209494850(33,4)
(34,3)1641322332(35,3)
(34,3)1495588986(34,4)
(35,3)140611707(36,3)
(35,3)1563681096(35,4)
(36,3)193374954(37,3)
(36,3)2033513968(36,4)
(37,3)751939593(38,3)
(37,3)79139461(37,4)
(38,3)307160747(39,3)
(38,3)1453052712(38,4)
(39,3)809475159(40,3)
(39,3)1743068219(39,4)
(40,3)1698751768(41,3)
(40,3)1297508797(40,4)
(41,3)1113677502(42,3)
(41,3)606610243(41,4)
(42,3)879088423(43,3)
(42,3)572882647(42,4)
(43,3)291224106(44,3)
(43,3)529157139(43,4)
(44,3)598777506(45,3)
(44,3)1138319388(44,4)
(45,3)747443291(46,3)
(45,3)1684224861(45,4)
(46,3)318696259(47,3)
(46,3)1293516304(46,4)
(47,3)234602932(48,3)
(47,3)30300371(47,4)
(48,3)239795221(49,3)
(48,3)533447193(48,4)
(49,3)2096296573(49,4)
(0,4)2029036179(1,4)
(1,4)1881117554(2,4)
(2,4)1512494022(3,4)
(3,4)22164239(4,4)
(4,4)1767147874(5,4)
(5,4)1705868976(6,4)
(6,4)101303700(7,4)
(7,4)371603820(8,4)
(8,4)1011438040(9,4)
(9,4)408464447(10,4)
(10,4)2114672039(11,4)
(11,4)1820913199(12,4)
(12,4)1705973245(13,4)
(13,4)1665940159(14,4)
(14,4)280039794(15,4)
(15,4)672167099(16,4)
(16,4)91339158(17,4)
(17,4)1159128217(18,4)
(18,4)1201324238(19,4)
(19,4)382563264(20,4)
(20,4)149963958(21,4)
(21,4)1800101744(22,4)
(22,4)2066788125(23,4)
(23,4)897407249(24,4)
(24,4)946134400(25,4)
(25,4)238000736(26,4)
(26,4)927707621(27,4)
(27,4)1180737333(28,4)
(28,4)771447929(29,4)
(29,4)1167502842(30,4)
(30,4)1129550258(31,4)
(31,4)653000461(32,4)
(32,4)901136748(33,4)
(33,4)494560632(34,4)
(34,4)675164700(35,4)
(35,4)520800975(36,4)
(36,4)52945960(37,4)
(37,4)776468400(38,4)
(38,4)892404795(39,4)
(39,4)1064384000(40,4)
(40,4)1184932848(41,4)
(41,4)859593186(42,4)
(42,4)737813551(43,4)
(43,4)743422445(44,4)
(44,4)378049697(45,4)
(45,4)1017853346(46,4)
(46,4)1415589544(47,4)
(47,4)469388855(48,4)
(48,4)29497915(49,4)
