50 30
(0,0)1383384227(1,0)
(0,0)5661582(0,1)
(1,0)570423756(2,0)
(1,0)1770137176(1,1)
(2,0)169526560(3,0)
(2,0)156234893(2,1)
(3,0)1509729723(4,0)
(3,0)1359442192(3,1)
(4,0)123694397(5,0)
(4,0)346458711(4,1)
(5,0)454277223(6,0)
(5,0)1994049822(5,1)
(6,0)412149513(7,0)
(6,0)810241877(6,1)
(7,0)312174877(8,0)
(7,0)193489753(7,1)
(8,0)1030649537(9,0)
(8,0)861103245(8,1)
(9,0)1430436135(10,0)
(9,0)1149899335(9,1)
(10,0)2086600332(11,0)
(10,0)567816613(10,1)
(11,0)1548821566(12,0)
(11,0)244307723(11,1)
(12,0)1810823545(13,0)
(12,0)950513396(12,1)
(13,0)865906318(14,0)
(13,0)45973228(13,1)
(14,0)1029926733(15,0)
(14,0)2064615398(14,1)
(15,0)2070276980(16,0)
(15,0)35771912(15,1)
(16,0)1805909088(17,0)
(16,0)265827313(16,1)
(17,0)422062206(18,0)
(17,0)493217088(17,1)
(18,0)1852659281(19,0)
(18,0)1975435648(18,1)
(19,0)174410711(20,0)
(19,0)1931791929(19,1)
(20,0)1778358103(21,0)
(20,0)1976353678(20,1)
(21,0)639111908(22,0)
(21,0)628687934(21,1)
(22,0)822177687(23,0)
(22,0)43023969(22,1)
(23,0)904127214(24,0)
(23,0)951286785(23,1)
(24,0)2101186120(25,0)
(24,0)1852827225(24,1)
(25,0)273160190(26,0)
(25,0)187079701(25,1)
(26,0)431387425(27,0)
(26,0)2040302804(26,1)
(27,0)843332552(28,0)
(27,0)1821981756(27,1)
(28,0)1867954984(29,0)
(28,0)94727322(28,1)
(29,0)11859073(30,0)
(29,0)1709238870(29,1)
(30,0)1745010782(31,0)
(30,0)750398070(30,1)
(31,0)1016225383(32,0)
(31,0)2082136053(31,1)
(32,0)427869494(33,0)
(32,0)1403436222(32,1)
(33,0)1231388223(34,0)
(33,0)1438287589(33,1)
(34,0)1222595870(35,0)
(34,0)133045127(34,1)
(35,0)2109398805(36,0)
(35,0)1405798934(35,1)
(36,0)2034486869(37,0)
(36,0)853470326(36,1)
(37,0)896494295(38,0)
(37,0)601027065(37,1)
(38,0)1552313850(39,0)
(38,0)709180908(38,1)
(39,0)414524485(40,0)
(39,0)1800621509(39,1)
(40,0)1987701211(41,0)
(40,0)1506016322(40,1)
(41,0)1398835479(42,0)
(41,0)687684675(41,1)
(42,0)362182783(43,0)
(42,0)271604988(42,1)
(43,0)366332310(44,0)
(43,0)94684383(43,1)
(44,0)1803923254(45,0)
(44,0)82654120(44,1)
(45,0)833052190(46,0)
(45,0)378191383(45,1)
(46,0)312843789(47,0)
(46,0)1401450388(46,1)
(47,0)657402963(48,0)
(47,0)1849277573(47,1)
(48,0)1140081514(49,0)
(48,0)740713283(48,1)
(49,0)1888791186(49,1)
(0,1)215193736(1,1)
(0,1)873758410(0,2)
(1,1)835673567(2,1)
(1,1)1147106472(1,2)
(2,1)1034109693(3,1)
(2,1)1068664062(2,2)
(3,1)1965158357(4,1)
(3,1)1436700633(3,2)
(4,1)841530835(5,1)
(4,1)1743290602(4,2)
(5,1)10331439(6,1)
(5,1)1618296219(5,2)
(6,1)1458513782(7,1)
(6,1)200063510(6,2)
(7,1)1598898989(8,1)
(7,1)698016115(7,2)
(8,1)1060198898(9,1)
(8,1)1730118770(8,2)
(9,1)2096451080(10,1)
(9,1)1693583372(9,2)
(10,1)1350022978(11,1)
(10,1)1142853018(10,2)
(11,1)1975905208(12,1)
(11,1)327158816(11,2)
(12,1)640002605(13,1)
(12,1)603989719(12,2)
(13,1)1261392682(14,1)
(13,1)1677699133(13,2)
(14,1)670296999(15,1)
(14,1)1380715888(14,2)
(15,1)106990650(16,1)
(15,1)1002700220(15,2)
(16,1)2323044(17,1)
(16,1)885490736(16,2)
(17,1)1954154798(18,1)
(17,1)942664217(17,2)
(18,1)231881202(19,1)
(18,1)1036432738(18,2)
(19,1)632239692(20,1)
(19,1)1771829508(19,2)
(20,1)1242642079(21,1)
(20,1)1073412038(20,2)
(21,1)1273475548(22,1)
(21,1)642571131(21,2)
(22,1)1340587246(23,1)
(22,1)553672213(22,2)
(23,1)136307335(24,1)
(23,1)724890889(23,2)
(24,1)270990613(25,1)
(24,1)253302497(24,2)
(25,1)1396155515(26,1)
(25,1)85274767(25,2)
(26,1)412433583(27,1)
(26,1)1621013592(26,2)
(27,1)77519663(28,1)
(27,1)1224577076(27,2)
(28,1)754792561(29,1)
(28,1)1052436188(28,2)
(29,1)285668428(30,1)
(29,1)1338912345(29,2)
(30,1)194128917(31,1)
(30,1)1425089561(30,2)
(31,1)163096649(32,1)
(31,1)392659078(31,2)
(32,1)1335323296(33,1)
(32,1)196451961(32,2)
(33,1)1232884699(34,1)
(33,1)2117251447(33,2)
(34,1)1741597307(35,1)
(34,1)1567204498(34,2)
(35,1)493132888(36,1)
(35,1)1865124391(35,2)
(36,1)360211875(37,1)
(36,1)836755738(36,2)
(37,1)1390427951(38,1)
(37,1)1766608436(37,2)
(38,1)344015677(39,1)
(38,1)1700799121(38,2)
(39,1)1954101618(40,1)
(39,1)1526735286(39,2)
(40,1)1612010054(41,1)
(40,1)615006291(40,2)
(41,1)88536235(42,1)
(41,1)1202773486(41,2)
(42,1)279866914(43,1)
(42,1)2024443637(42,2)
(43,1)929396178(44,1)
(43,1)166055898(43,2)
(44,1)1504968243(45,1)
(44,1)1034659475(44,2)
(45,1)312265388(46,1)
(45,1)1215064606(45,2)
(46,1)1607723685(47,1)
(46,1)1699097160(46,2)
(47,1)1895549121(48,1)
(47,1)475362037(47,2)
(48,1)445129837(49,1)
(48,1)795563333(48,2)
(49,1)980950173(49,2)
(0,2)39243496(1,2)
(0,2)215284183(0,3)
(1,2)708417072(2,2)
(1,2)698590916(1,3)
(2,2)1058802791(3,2)
(2,2)875999235(2,3)
(3,2)118943538(4,2)
(3,2)327541860(3,3)
(4,2)671557538(5,2)
(4,2)612118265(4,3)
(5,2)418736235(6,2)
(5,2)1645678825(5,3)
(6,2)1110205231(7,2)
(6,2)1286563829(6,3)
(7,2)1375100064(8,2)
(7,2)1621509721(7,3)
(8,2)1901376635(9,2)
(8,2)987165220(8,3)
(9,2)1916561398(10,2)
(9,2)1541155962(9,3)
(10,2)898640557(11,2)
(10,2)788552463(10,3)
(11,2)1100817851(12,2)
(11,2)984142357(11,3)
(12,2)444382394(13,2)
(12,2)450254069(12,3)
(13,2)198319542(14,2)
(13,2)1576179889(13,3)
(14,2)2021309726(15,2)
(14,2)1239945727(14,3)
(15,2)1455229910(16,2)
(15,2)1179269715(15,3)
(16,2)1877860632(17,2)
(16,2)2060553222(16,3)
(17,2)789068809(18,2)
(17,2)16163334(17,3)
(18,2)343705195(19,2)
(18,2)789179775(18,3)
(19,2)1401298040(20,2)
(19,2)908012348(19,3)
(20,2)406207525(21,2)
(20,2)1015262733(20,3)
(21,2)154342914(22,2)
(21,2)1820034276(21,3)
(22,2)1294060349(23,2)
(22,2)1516412756(22,3)
(23,2)356094328(24,2)
(23,2)1529442978(23,3)
(24,2)923115292(25,2)
(24,2)1047953337(24,3)
(25,2)1836505800(26,2)
(25,2)125172079(25,3)
(26,2)1109314436(27,2)
(26,2)1821755849(26,3)
(27,2)124526270(28,2)
(27,2)789840003(27,3)
(28,2)218536244(29,2)
(28,2)1553696830(28,3)
(29,2)646158909(30,2)
(29,2)322845812(29,3)
(30,2)1502115528(31,2)
(30,2)92362322(30,3)
(31,2)5431897(32,2)
(31,2)2101388819(31,3)
(32,2)2117552154(33,2)
(32,2)1232492512(32,3)
(33,2)2021672287(34,2)
(33,2)794500706(33,3)
(34,2)1702513054(35,2)
(34,2)313773701(34,3)
(35,2)1329036434(36,2)
(35,2)1275486680(35,3)
(36,2)948037308(37,2)
(36,2)2108720579(36,3)
(37,2)1477649687(38,2)
(37,2)1483379348(37,3)
(38,2)865338678(39,2)
(38,2)94614009(38,3)
(39,2)1142567346(40,2)
(39,2)1833744016(39,3)
(40,2)1958916095(41,2)
(40,2)1788453970(40,3)
(41,2)1462726171(42,2)
(41,2)831589498(41,3)
(42,2)1621429502(43,2)
(42,2)920746883(42,3)
(43,2)326960065(44,2)
(43,2)1587252441(43,3)
(44,2)1910098253(45,2)
(44,2)1839965746(44,3)
(45,2)1932328069(46,2)
(45,2)973118974(45,3)
(46,2)927024145(47,2)
(46,2)1264730133(46,3)
(47,2)349738997(48,2)
(47,2)1937759966(47,3)
(48,2)584777024(49,2)
(48,2)897092651(48,3)
(49,2)223927637(49,3)
(0,3)139806431(1,3)
(0,3)1210866352(0,4)
(1,3)392419138(2,3)
(1,3)1499414317(1,4)
(2,3)299967977(3,3)
(2,3)101043362(2,4)
(3,3)1578693050(4,3)
(3,3)1875798486(3,4)
(4,3)593653516(5,3)
(4,3)394581986(4,4)
(5,3)1537149333(6,3)
(5,3)1264953418(5,4)
(6,3)1076385865(7,3)
(6,3)234623838(6,4)
(7,3)1697350009(8,3)
(7,3)221255183(7,4)
(8,3)1842684685(9,3)
(8,3)1997132748(8,4)
(9,3)176609165(10,3)
(9,3)1137118802(9,4)
(10,3)899733408(11,3)
(10,3)1535166784(10,4)
(11,3)1320011205(12,3)
(11,3)1149728139(11,4)
(12,3)2076752284(13,3)
(12,3)16979893(12,4)
(13,3)366718891(14,3)
(13,3)1110287523(13,4)
(14,3)1695064547(15,3)
(14,3)826361288(14,4)
(15,3)2037227640(16,3)
(15,3)590646528(15,4)
(16,3)2090060845(17,3)
(16,3)1834870978(16,4)
(17,3)1935914341(18,3)
(17,3)282163131(17,4)
(18,3)10477969(19,3)
(18,3)242545174(18,4)
(19,3)637127160(20,3)
(19,3)1367123743(19,4)
(20,3)484593513(21,3)
(20,3)604131486(20,4)
(21,3)838755324(22,3)
(21,3)26792845(21,4)
(22,3)248048029(23,3)
(22,3)1560979378(22,4)
(23,3)1410628478(24,3)
(23,3)388621686(23,4)
(24,3)1525740488(25,3)
(24,3)2090732714(24,4)
(25,3)1478415850(26,3)
(25,3)1587237643(25,4)
(26,3)589482134(27,3)
(26,3)277990248(26,4)
(27,3)294970142(28,3)
(27,3)650943407(27,4)
(28,3)1761230930(29,3)
(28,3)518750770(28,4)
(29,3)1345112058(30,3)
(29,3)661689033(29,4)
(30,3)1252335561(31,3)
(30,3)1308811830(30,4)
(31,3)996199160(32,3)
(31,3)1234856051(31,4)
(32,3)1517019182(33,3)
(32,3)1194912758(32,4)
(33,3)1437457932(34,3)
(33,3)784629853(33,4)
(34,3)4269948(35,3)
(34,3)1527497151(34,4)
(35,3)2131628637(36,3)
(35,3)2074585092(35,4)
(36,3)2101377938(37,3)
(36,3)488863461(36,4)
(37,3)2049842839(38,3)
(37,3)822900314(37,4)
(38,3)1211522000(39,3)
(38,3)201942319(38,4)
(39,3)145191385(40,3)
(39,3)1312987669(39,4)
(40,3)752741664(41,3)
(40,3)589778840(40,4)
(41,3)867769089(42,3)
(41,3)1623607236(41,4)
(42,3)127066995(43,3)
(42,3)1342223798(42,4)
(43,3)1860974569(44,3)
(43,3)1162739231(43,4)
(44,3)1824428264(45,3)
(44,3)1888297926(44,4)
(45,3)1049626108(46,3)
(45,3)1058602979(45,4)
(46,3)145975382(47,3)
(46,3)929280177(46,4)
(47,3)2124192935(48,3)
(47,3)2045825268(47,4)
(48,3)682971474(49,3)
(48,3)1662994564(48,4)
(49,3)1414167219(49,4)
(0,4)687241422(1,4)
(0,4)1043008068(0,5)
(1,4)1027153057(2,4)
(1,4)1341268663(1,5)
(2,4)1295162953(3,4)
(2,4)1176104884(2,5)
(3,4)1078464075(4,4)
(3,4)1850053371(3,5)
(4,4)914091723(5,4)
(4,4)1497105272(4,5)
(5,4)1642296658(6,4)
(5,4)243968097(5,5)
(6,4)996709761(7,4)
(6,4)1503870564(6,5)
(7,4)224156005(8,4)
(7,4)1118420246(7,5)
(8,4)1245487241(9,4)
(8,4)191449912(8,5)
(9,4)2052424481(10,4)
(9,4)1386895236(9,5)
(10,4)1063839852(11,4)
(10,4)986301519(10,5)
(11,4)2035927627(12,4)
(11,4)963543812(11,5)
(12,4)1109519195(13,4)
(12,4)1993120029(12,5)
(13,4)1969829316(14,4)
(13,4)1934269248(13,5)
(14,4)469757074(15,4)
(14,4)625030111(14,5)
(15,4)1668038179(16,4)
(15,4)1236512887(15,5)
(16,4)430297902(17,4)
(16,4)1156998496(16,5)
(17,4)185619732(18,4)
(17,4)547707589(17,5)
(18,4)250277312(19,4)
(18,4)1725460856(18,5)
(19,4)1075082480(20,4)
(19,4)1264083808(19,5)
(20,4)1508051905(21,4)
(20,4)1164369036(20,5)
(21,4)520755952(22,4)
(21,4)569895490(21,5)
(22,4)1688315736(23,4)
(22,4)357278018(22,5)
(23,4)548727930(24,4)
(23,4)744911957(23,5)
(24,4)2131807193(25,4)
(24,4)786319330(24,5)
(25,4)1772620849(26,4)
(25,4)453668763(25,5)
(26,4)1417212576(27,4)
(26,4)1048163397(26,5)
(27,4)893799778(28,4)
(27,4)1661064829(27,5)
(28,4)1447850429(29,4)
(28,4)379248123(28,5)
(29,4)1004278234(30,4)
(29,4)716145446(29,5)
(30,4)1952658333(31,4)
(30,4)1917607503(30,5)
(31,4)927122351(32,4)
(31,4)524832766(31,5)
(32,4)1072540355(33,4)
(32,4)235472587(32,5)
(33,4)1960933443(34,4)
(33,4)1112742084(33,5)
(34,4)229342244(35,4)
(34,4)1322817667(34,5)
(35,4)339703055(36,4)
(35,4)888532276(35,5)
(36,4)1458427766(37,4)
(36,4)1737394149(36,5)
(37,4)2094672167(38,4)
(37,4)860459007(37,5)
(38,4)1605370964(39,4)
(38,4)999259855(38,5)
(39,4)1785579185(40,4)
(39,4)495916450(39,5)
(40,4)949585213(41,4)
(40,4)1589694509(40,5)
(41,4)490374258(42,4)
(41,4)1410716386(41,5)
(42,4)924297567(43,4)
(42,4)219314141(42,5)
(43,4)598562264(44,4)
(43,4)1384174036(43,5)
(44,4)2100319482(45,4)
(44,4)224664348(44,5)
(45,4)2142271851(46,4)
(45,4)1602840499(45,5)
(46,4)2127673265(47,4)
(46,4)1905494167(46,5)
(47,4)2140966755(48,4)
(47,4)921910555(47,5)
(48,4)2034652639(49,4)
(48,4)1052729972(48,5)
(49,4)1954416550(49,5)
(0,5)116511235(1,5)
(0,5)228063991(0,6)
(1,5)567767047(2,5)
(1,5)695465178(1,6)
(2,5)6409297(3,5)
(2,5)1853905384(2,6)
(3,5)1801093903(4,5)
(3,5)1428226054(3,6)
(4,5)886113371(5,5)
(4,5)1005669152(4,6)
(5,5)643764689(6,5)
(5,5)149526705(5,6)
(6,5)1099111919(7,5)
(6,5)328324232(6,6)
(7,5)818698491(8,5)
(7,5)2054481075(7,6)
(8,5)831294995(9,5)
(8,5)1318426060(8,6)
(9,5)1916988325(10,5)
(9,5)55388879(9,6)
(10,5)8224714(11,5)
(10,5)1055959343(10,6)
(11,5)1050747547(12,5)
(11,5)1372345176(11,6)
(12,5)1352534793(13,5)
(12,5)1913718881(12,6)
(13,5)1907201988(14,5)
(13,5)1972658102(13,6)
(14,5)1859827093(15,5)
(14,5)257781117(14,6)
(15,5)485845108(16,5)
(15,5)1714134891(15,6)
(16,5)262116421(17,5)
(16,5)1976338328(16,6)
(17,5)1682760064(18,5)
(17,5)1053612155(17,6)
(18,5)334354562(19,5)
(18,5)268525718(18,6)
(19,5)1274194870(20,5)
(19,5)1336370319(19,6)
(20,5)1485897025(21,5)
(20,5)1220467933(20,6)
(21,5)1548792165(22,5)
(21,5)1917959559(21,6)
(22,5)1824956987(23,5)
(22,5)437525296(22,6)
(23,5)1755951356(24,5)
(23,5)220007008(23,6)
(24,5)275395888(25,5)
(24,5)508768334(24,6)
(25,5)1564727677(26,5)
(25,5)1525456033(25,6)
(26,5)750317561(27,5)
(26,5)283620602(26,6)
(27,5)49855835(28,5)
(27,5)467991576(27,6)
(28,5)293166030(29,5)
(28,5)2102852354(28,6)
(29,5)213149823(30,5)
(29,5)1957057824(29,6)
(30,5)1523709067(31,5)
(30,5)5509475(30,6)
(31,5)1981847803(32,5)
(31,5)698994932(31,6)
(32,5)1752607087(33,5)
(32,5)1785825488(32,6)
(33,5)2054351207(34,5)
(33,5)1517124219(33,6)
(34,5)706010891(35,5)
(34,5)2086961649(34,6)
(35,5)1159945934(36,5)
(35,5)1181062429(35,6)
(36,5)951538341(37,5)
(36,5)44424268(36,6)
(37,5)481949564(38,5)
(37,5)561254452(37,6)
(38,5)781261460(39,5)
(38,5)629011680(38,6)
(39,5)1137780014(40,5)
(39,5)90417272(39,6)
(40,5)1615873306(41,5)
(40,5)1056657348(40,6)
(41,5)1340277950(42,5)
(41,5)555024043(41,6)
(42,5)1023015620(43,5)
(42,5)218707219(42,6)
(43,5)174075926(44,5)
(43,5)1390133786(43,6)
(44,5)1199707962(45,5)
(44,5)1316181650(44,6)
(45,5)1321691126(46,5)
(45,5)387225749(45,6)
(46,5)1086220681(47,5)
(46,5)575933381(46,6)
(47,5)214275221(48,5)
(47,5)1156055281(47,6)
(48,5)525695853(49,5)
(48,5)691344121(48,6)
(49,5)121142780(49,6)
(0,6)1231706744(1,6)
(0,6)630822122(0,7)
(1,6)1790768057(2,6)
(1,6)1302205210(1,7)
(2,6)106259903(3,6)
(2,6)1276131012(2,7)
(3,6)1758080576(4,6)
(3,6)204538861(3,7)
(4,6)985800321(5,6)
(4,6)735271583(4,7)
(5,6)1873051597(6,6)
(5,6)1848497848(5,7)
(6,6)1316887506(7,6)
(6,6)2042457670(6,7)
(7,6)1235251972(8,6)
(7,6)280591992(7,7)
(8,6)1303607612(9,6)
(8,6)1535594726(8,7)
(9,6)1709670652(10,6)
(9,6)477902110(9,7)
(10,6)1677610072(11,6)
(10,6)472305615(10,7)
(11,6)1793996741(12,6)
(11,6)2096896401(11,7)
(12,6)1035633435(13,6)
(12,6)106059805(12,7)
(13,6)320335027(14,6)
(13,6)802568374(13,7)
(14,6)1328264227(15,6)
(14,6)1726977556(14,7)
(15,6)210316030(16,6)
(15,6)441477807(15,7)
(16,6)1743683017(17,6)
(16,6)412487323(16,7)
(17,6)1688618335(18,6)
(17,6)2001084087(17,7)
(18,6)58139300(19,6)
(18,6)1849942920(18,7)
(19,6)437730855(20,6)
(19,6)1299215263(19,7)
(20,6)1000229464(21,6)
(20,6)1043939622(20,7)
(21,6)938913644(22,6)
(21,6)163298804(21,7)
(22,6)443890797(23,6)
(22,6)169633322(22,7)
(23,6)1705228048(24,6)
(23,6)26681968(23,7)
(24,6)504584079(25,6)
(24,6)1747498409(24,7)
(25,6)72320376(26,6)
(25,6)1267415052(25,7)
(26,6)1216827806(27,6)
(26,6)34710503(26,7)
(27,6)140770309(28,6)
(27,6)1866317117(27,7)
(28,6)521401844(29,6)
(28,6)104977593(28,7)
(29,6)1831955149(30,6)
(29,6)461105336(29,7)
(30,6)902583143(31,6)
(30,6)1849666071(30,7)
(31,6)114669747(32,6)
(31,6)2042271179(31,7)
(32,6)1895871619(33,6)
(32,6)498782513(32,7)
(33,6)201241785(34,6)
(33,6)1803288082(33,7)
(34,6)955019698(35,6)
(34,6)1954010919(34,7)
(35,6)850466893(36,6)
(35,6)638972641(35,7)
(36,6)802271445(37,6)
(36,6)1955249162(36,7)
(37,6)2124882484(38,6)
(37,6)1789380537(37,7)
(38,6)1816062506(39,6)
(38,6)1246162242(38,7)
(39,6)846177004(40,6)
(39,6)1682626885(39,7)
(40,6)802558289(41,6)
(40,6)173162937(40,7)
(41,6)207873440(42,6)
(41,6)918497380(41,7)
(42,6)637330850(43,6)
(42,6)2019386095(42,7)
(43,6)2124363688(44,6)
(43,6)348643749(43,7)
(44,6)809749085(45,6)
(44,6)1158732694(44,7)
(45,6)860915117(46,6)
(45,6)1808835189(45,7)
(46,6)1703622721(47,6)
(46,6)1712332229(46,7)
(47,6)63631094(48,6)
(47,6)975584864(47,7)
(48,6)631389299(49,6)
(48,6)1452010692(48,7)
(49,6)264872879(49,7)
(0,7)1586408997(1,7)
(0,7)1258537963(0,8)
(1,7)2109004857(2,7)
(1,7)903845520(1,8)
(2,7)1706116966(3,7)
(2,7)1394174511(2,8)
(3,7)1371573347(4,7)
(3,7)1750901746(3,8)
(4,7)1419480604(5,7)
(4,7)804795560(4,8)
(5,7)1650972564(6,7)
(5,7)906716584(5,8)
(6,7)1709274874(7,7)
(6,7)1592643541(6,8)
(7,7)1800516982(8,7)
(7,7)421986297(7,8)
(8,7)1059317147(9,7)
(8,7)1581177321(8,8)
(9,7)1558057362(10,7)
(9,7)1677083(9,8)
(10,7)811426169(11,7)
(10,7)70566193(10,8)
(11,7)931481310(12,7)
(11,7)1219408903(11,8)
(12,7)775547976(13,7)
(12,7)376274750(12,8)
(13,7)439905844(14,7)
(13,7)1907066175(13,8)
(14,7)390971826(15,7)
(14,7)80075020(14,8)
(15,7)1338612984(16,7)
(15,7)704778723(15,8)
(16,7)1608624244(17,7)
(16,7)1977380823(16,8)
(17,7)1224071686(18,7)
(17,7)1300134193(17,8)
(18,7)903552291(19,7)
(18,7)1167257562(18,8)
(19,7)1972053122(20,7)
(19,7)448161385(19,8)
(20,7)1354877970(21,7)
(20,7)175549248(20,8)
(21,7)1768192789(22,7)
(21,7)1475542039(21,8)
(22,7)1897528336(23,7)
(22,7)916669196(22,8)
(23,7)350362869(24,7)
(23,7)1421226123(23,8)
(24,7)1422903207(25,7)
(24,7)809361835(24,8)
(25,7)879928028(26,7)
(25,7)1908420231(25,8)
(26,7)980345487(27,7)
(26,7)86845728(26,8)
(27,7)463120478(28,7)
(27,7)1811409338(27,8)
(28,7)1570991865(29,7)
(28,7)1755893463(28,8)
(29,7)1835968484(30,7)
(29,7)903026322(29,8)
(30,7)1607805045(31,7)
(30,7)1961963691(30,8)
(31,7)1791860866(32,7)
(31,7)1027097820(31,8)
(32,7)179748365(33,7)
(32,7)1068945641(32,8)
(33,7)88719555(34,7)
(33,7)868448904(33,8)
(34,7)1316610290(35,7)
(34,7)1083300656(34,8)
(35,7)1258849904(36,7)
(35,7)2060772678(35,8)
(36,7)1388831069(37,7)
(36,7)524004612(36,8)
(37,7)1440673808(38,7)
(37,7)879559046(37,8)
(38,7)153301521(39,7)
(38,7)1138875757(38,8)
(39,7)1948237592(40,7)
(39,7)1791036677(39,8)
(40,7)1551973261(41,7)
(40,7)1576204728(40,8)
(41,7)1663050456(42,7)
(41,7)680681972(41,8)
(42,7)344607662(43,7)
(42,7)384835100(42,8)
(43,7)2140728563(44,7)
(43,7)2126170934(43,8)
(44,7)881713608(45,7)
(44,7)1915599528(44,8)
(45,7)1730079571(46,7)
(45,7)1829213399(45,8)
(46,7)708827571(47,7)
(46,7)342035006(46,8)
(47,7)1410980647(48,7)
(47,7)1374456790(47,8)
(48,7)95422046(49,7)
(48,7)888575936(48,8)
(49,7)1499700203(49,8)
(0,8)1412032336(1,8)
(0,8)1971876593(0,9)
(1,8)1083242849(2,8)
(1,8)1412989233(1,9)
(2,8)654336654(3,8)
(2,8)1936036948(2,9)
(3,8)1229227108(4,8)
(3,8)1962801895(3,9)
(4,8)2116103417(5,8)
(4,8)1793212411(4,9)
(5,8)1593966355(6,8)
(5,8)872780138(5,9)
(6,8)277269751(7,8)
(6,8)1544824497(6,9)
(7,8)1060391306(8,8)
(7,8)127164679(7,9)
(8,8)471772341(9,8)
(8,8)662104851(8,9)
(9,8)655349766(10,8)
(9,8)1039078592(9,9)
(10,8)1920792201(11,8)
(10,8)239888221(10,9)
(11,8)1969967793(12,8)
(11,8)337079518(11,9)
(12,8)1045907089(13,8)
(12,8)115343559(12,9)
(13,8)1526324206(14,8)
(13,8)1196940935(13,9)
(14,8)1292362981(15,8)
(14,8)1934483026(14,9)
(15,8)1758875971(16,8)
(15,8)878540761(15,9)
(16,8)144046346(17,8)
(16,8)556911670(16,9)
(17,8)345464970(18,8)
(17,8)694635172(17,9)
(18,8)509953420(19,8)
(18,8)798383000(18,9)
(19,8)444111763(20,8)
(19,8)1574692079(19,9)
(20,8)299988569(21,8)
(20,8)478573189(20,9)
(21,8)2023397686(22,8)
(21,8)2038078118(21,9)
(22,8)17759149(23,8)
(22,8)577258320(22,9)
(23,8)1239363171(24,8)
(23,8)936305344(23,9)
(24,8)1975383937(25,8)
(24,8)489531491(24,9)
(25,8)729419712(26,8)
(25,8)1894712937(25,9)
(26,8)84308807(27,8)
(26,8)1748692490(26,9)
(27,8)1864036049(28,8)
(27,8)551903857(27,9)
(28,8)1748844792(29,8)
(28,8)1130215897(28,9)
(29,8)917215275(30,8)
(29,8)1242876607(29,9)
(30,8)2121417369(31,8)
(30,8)893724126(30,9)
(31,8)1450635796(32,8)
(31,8)528607598(31,9)
(32,8)1223242770(33,8)
(32,8)117980067(32,9)
(33,8)916363068(34,8)
(33,8)1796100766(33,9)
(34,8)1223309197(35,8)
(34,8)1733196190(34,9)
(35,8)64285731(36,8)
(35,8)1360474831(35,9)
(36,8)1251069302(37,8)
(36,8)1523297766(36,9)
(37,8)2100556086(38,8)
(37,8)2087683418(37,9)
(38,8)876505114(39,8)
(38,8)1268828451(38,9)
(39,8)1758359942(40,8)
(39,8)1192435609(39,9)
(40,8)939664899(41,8)
(40,8)704405403(40,9)
(41,8)305614245(42,8)
(41,8)340296007(41,9)
(42,8)892199864(43,8)
(42,8)1023973706(42,9)
(43,8)6705955(44,8)
(43,8)22166646(43,9)
(44,8)1265043254(45,8)
(44,8)493561009(44,9)
(45,8)1387285135(46,8)
(45,8)923921230(45,9)
(46,8)1452528828(47,8)
(46,8)1238976975(46,9)
(47,8)1356957042(48,8)
(47,8)690437283(47,9)
(48,8)339054401(49,8)
(48,8)528287951(48,9)
(49,8)125836462(49,9)
(0,9)1562363599(1,9)
(0,9)114000493(0,10)
(1,9)178286225(2,9)
(1,9)1486311294(1,10)
(2,9)589896948(3,9)
(2,9)938177717(2,10)
(3,9)891250156(4,9)
(3,9)118485995(3,10)
(4,9)994991109(5,9)
(4,9)1858725399(4,10)
(5,9)1469601694(6,9)
(5,9)2083685765(5,10)
(6,9)875867016(7,9)
(6,9)1699396513(6,10)
(7,9)2005010758(8,9)
(7,9)1809897701(7,10)
(8,9)554613917(9,9)
(8,9)1899840723(8,10)
(9,9)1906546678(10,9)
(9,9)2027177405(9,10)
(10,9)1144737011(11,9)
(10,9)1048174926(10,10)
(11,9)287976413(12,9)
(11,9)682984261(11,10)
(12,9)2135513089(13,9)
(12,9)236230338(12,10)
(13,9)1593187380(14,9)
(13,9)978413696(13,10)
(14,9)1317468098(15,9)
(14,9)516317392(14,10)
(15,9)630317886(16,9)
(15,9)1719023843(15,10)
(16,9)1057851489(17,9)
(16,9)732348049(16,10)
(17,9)1670525766(18,9)
(17,9)808604111(17,10)
(18,9)927090106(19,9)
(18,9)1647748437(18,10)
(19,9)1358990188(20,9)
(19,9)414292274(19,10)
(20,9)350494392(21,9)
(20,9)1922081215(20,10)
(21,9)1473994080(22,9)
(21,9)681108234(21,10)
(22,9)343522287(23,9)
(22,9)1226361408(22,10)
(23,9)978718483(24,9)
(23,9)1331521191(23,10)
(24,9)1211214948(25,9)
(24,9)898136205(24,10)
(25,9)1946311131(26,9)
(25,9)737781514(25,10)
(26,9)1420765775(27,9)
(26,9)208468311(26,10)
(27,9)444698649(28,9)
(27,9)86803897(27,10)
(28,9)1065217593(29,9)
(28,9)1408795216(28,10)
(29,9)1925112609(30,9)
(29,9)2037886029(29,10)
(30,9)1609426224(31,9)
(30,9)235202043(30,10)
(31,9)967550092(32,9)
(31,9)407946847(31,10)
(32,9)1216550958(33,9)
(32,9)519794065(32,10)
(33,9)20058854(34,9)
(33,9)490592211(33,10)
(34,9)904884485(35,9)
(34,9)2143641064(34,10)
(35,9)1918238631(36,9)
(35,9)1379049043(35,10)
(36,9)2060157277(37,9)
(36,9)1255378877(36,10)
(37,9)334256638(38,9)
(37,9)1244749064(37,10)
(38,9)428786607(39,9)
(38,9)256195917(38,10)
(39,9)1154332122(40,9)
(39,9)1312975121(39,10)
(40,9)2050756635(41,9)
(40,9)1640001555(40,10)
(41,9)1848469866(42,9)
(41,9)953159605(41,10)
(42,9)1039963502(43,9)
(42,9)1324038762(42,10)
(43,9)585350331(44,9)
(43,9)145684867(43,10)
(44,9)36087248(45,9)
(44,9)2105181096(44,10)
(45,9)192899491(46,9)
(45,9)362979292(45,10)
(46,9)770926139(47,9)
(46,9)1645513473(46,10)
(47,9)17823890(48,9)
(47,9)1160449584(47,10)
(48,9)1651041795(49,9)
(48,9)1987477097(48,10)
(49,9)37882745(49,10)
(0,10)408442632(1,10)
(0,10)1983634513(0,11)
(1,10)1754389496(2,10)
(1,10)1416931788(1,11)
(2,10)1329605417(3,10)
(2,10)1663821510(2,11)
(3,10)1998078148(4,10)
(3,10)851654912(3,11)
(4,10)1280441519(5,10)
(4,10)1585801334(4,11)
(5,10)592649808(6,10)
(5,10)1163569621(5,11)
(6,10)1066842609(7,10)
(6,10)772959426(6,11)
(7,10)473945644(8,10)
(7,10)1545809414(7,11)
(8,10)438289268(9,10)
(8,10)243397723(8,11)
(9,10)828748054(10,10)
(9,10)619630511(9,11)
(10,10)655717760(11,10)
(10,10)395986716(10,11)
(11,10)588886208(12,10)
(11,10)1191727346(11,11)
(12,10)1962653485(13,10)
(12,10)153747585(12,11)
(13,10)171571475(14,10)
(13,10)1749335792(13,11)
(14,10)1252893939(15,10)
(14,10)1802646934(14,11)
(15,10)1638797799(16,10)
(15,10)209454220(15,11)
(16,10)1626386008(17,10)
(16,10)1661336571(16,11)
(17,10)1177674433(18,10)
(17,10)1245703648(17,11)
(18,10)2097358560(19,10)
(18,10)808507778(18,11)
(19,10)246825464(20,10)
(19,10)1028268933(19,11)
(20,10)44354907(21,10)
(20,10)1230316432(20,11)
(21,10)2003275858(22,10)
(21,10)839475273(21,11)
(22,10)237801039(23,10)
(22,10)1111197516(22,11)
(23,10)1354595239(24,10)
(23,10)329737855(23,11)
(24,10)949368366(25,10)
(24,10)676090307(24,11)
(25,10)1072077024(26,10)
(25,10)35859646(25,11)
(26,10)1227586992(27,10)
(26,10)1605086126(26,11)
(27,10)1758833711(28,10)
(27,10)1660963232(27,11)
(28,10)1262815376(29,10)
(28,10)1042756830(28,11)
(29,10)697920116(30,10)
(29,10)1930405187(29,11)
(30,10)2139859407(31,10)
(30,10)368225667(30,11)
(31,10)2029562238(32,10)
(31,10)189234268(31,11)
(32,10)1434937916(33,10)
(32,10)1618761768(32,11)
(33,10)279785898(34,10)
(33,10)1059753024(33,11)
(34,10)2088021957(35,10)
(34,10)1384812828(34,11)
(35,10)467645612(36,10)
(35,10)526611362(35,11)
(36,10)1366086635(37,10)
(36,10)2132376864(36,11)
(37,10)1096090732(38,10)
(37,10)323437823(37,11)
(38,10)653175678(39,10)
(38,10)1603887674(38,11)
(39,10)132494334(40,10)
(39,10)303202324(39,11)
(40,10)339061970(41,10)
(40,10)1602544044(40,11)
(41,10)1060146523(42,10)
(41,10)1204571358(41,11)
(42,10)718050942(43,10)
(42,10)1566648962(42,11)
(43,10)461922144(44,10)
(43,10)671496586(43,11)
(44,10)454418125(45,10)
(44,10)1980866318(44,11)
(45,10)201608337(46,10)
(45,10)1159842261(45,11)
(46,10)1349076529(47,10)
(46,10)446793885(46,11)
(47,10)2065555653(48,10)
(47,10)83686927(47,11)
(48,10)1143439951(49,10)
(48,10)636530797(48,11)
(49,10)197857903(49,11)
(0,11)1083978261(1,11)
(0,11)2021343625(0,12)
(1,11)341505590(2,11)
(1,11)724469265(1,12)
(2,11)2090555901(3,11)
(2,11)1068871477(2,12)
(3,11)17478562(4,11)
(3,11)664943413(3,12)
(4,11)1318119091(5,11)
(4,11)1546959927(4,12)
(5,11)1679454261(6,11)
(5,11)320680886(5,12)
(6,11)659742856(7,11)
(6,11)773179487(6,12)
(7,11)1833326010(8,11)
(7,11)736541971(7,12)
(8,11)1454592913(9,11)
(8,11)78908170(8,12)
(9,11)540830315(10,11)
(9,11)357338949(9,12)
(10,11)811757074(11,11)
(10,11)1287975583(10,12)
(11,11)1489583920(12,11)
(11,11)1700672576(11,12)
(12,11)902265457(13,11)
(12,11)1258550959(12,12)
(13,11)1176622964(14,11)
(13,11)1573270848(13,12)
(14,11)569227151(15,11)
(14,11)1538796254(14,12)
(15,11)1412656231(16,11)
(15,11)1374480867(15,12)
(16,11)2098950133(17,11)
(16,11)1653205412(16,12)
(17,11)574593242(18,11)
(17,11)1754161821(17,12)
(18,11)271621586(19,11)
(18,11)2042022386(18,12)
(19,11)1441498665(20,11)
(19,11)592071804(19,12)
(20,11)912752690(21,11)
(20,11)1589740677(20,12)
(21,11)215436517(22,11)
(21,11)973469279(21,12)
(22,11)1710011250(23,11)
(22,11)1572495546(22,12)
(23,11)1651403716(24,11)
(23,11)2048762527(23,12)
(24,11)258617828(25,11)
(24,11)1017120516(24,12)
(25,11)157612451(26,11)
(25,11)44750383(25,12)
(26,11)1745422959(27,11)
(26,11)1070374903(26,12)
(27,11)181442214(28,11)
(27,11)1647196372(27,12)
(28,11)1072983572(29,11)
(28,11)500204768(28,12)
(29,11)2039001022(30,11)
(29,11)1358065179(29,12)
(30,11)585062398(31,11)
(30,11)1642210723(30,12)
(31,11)1147932488(32,11)
(31,11)1304173606(31,12)
(32,11)910851779(33,11)
(32,11)536528883(32,12)
(33,11)431067621(34,11)
(33,11)1722525730(33,12)
(34,11)167113886(35,11)
(34,11)1182473366(34,12)
(35,11)624730395(36,11)
(35,11)1872566287(35,12)
(36,11)698551918(37,11)
(36,11)1079866576(36,12)
(37,11)504878474(38,11)
(37,11)840166912(37,12)
(38,11)741445792(39,11)
(38,11)261079520(38,12)
(39,11)1278200036(40,11)
(39,11)8798542(39,12)
(40,11)53548926(41,11)
(40,11)1000063620(40,12)
(41,11)2070438523(42,11)
(41,11)1435812488(41,12)
(42,11)935525212(43,11)
(42,11)1798971885(42,12)
(43,11)151693006(44,11)
(43,11)104397090(43,12)
(44,11)1462462269(45,11)
(44,11)2008508784(44,12)
(45,11)1503235859(46,11)
(45,11)43210380(45,12)
(46,11)1347383986(47,11)
(46,11)2047524667(46,12)
(47,11)436569903(48,11)
(47,11)503684699(47,12)
(48,11)78726781(49,11)
(48,11)110752118(48,12)
(49,11)867637524(49,12)
(0,12)245840667(1,12)
(0,12)1293225484(0,13)
(1,12)1917955879(2,12)
(1,12)592720163(1,13)
(2,12)1291272081(3,12)
(2,12)1325707243(2,13)
(3,12)1830585717(4,12)
(3,12)610639144(3,13)
(4,12)1352084936(5,12)
(4,12)1552351602(4,13)
(5,12)683067990(6,12)
(5,12)1839384260(5,13)
(6,12)1892933186(7,12)
(6,12)204664908(6,13)
(7,12)127619784(8,12)
(7,12)2118880478(7,13)
(8,12)906922042(9,12)
(8,12)1544421423(8,13)
(9,12)1696114429(10,12)
(9,12)232016874(9,13)
(10,12)1694479143(11,12)
(10,12)767947178(10,13)
(11,12)123699390(12,12)
(11,12)1739324810(11,13)
(12,12)939225148(13,12)
(12,12)1594520162(12,13)
(13,12)2031090065(14,12)
(13,12)627384089(13,13)
(14,12)706110871(15,12)
(14,12)1049977266(14,13)
(15,12)195719102(16,12)
(15,12)751243942(15,13)
(16,12)1343964105(17,12)
(16,12)951951538(16,13)
(17,12)130175134(18,12)
(17,12)2113674982(17,13)
(18,12)576830478(19,12)
(18,12)487752539(18,13)
(19,12)2040104141(20,12)
(19,12)1960760851(19,13)
(20,12)1652661463(21,12)
(20,12)1928915414(20,13)
(21,12)2133580322(22,12)
(21,12)575688483(21,13)
(22,12)547085314(23,12)
(22,12)1398111001(22,13)
(23,12)795048777(24,12)
(23,12)113716458(23,13)
(24,12)345733332(25,12)
(24,12)1454007356(24,13)
(25,12)74470887(26,12)
(25,12)343679558(25,13)
(26,12)2083004368(27,12)
(26,12)2040212475(26,13)
(27,12)1487248990(28,12)
(27,12)198170277(27,13)
(28,12)825554366(29,12)
(28,12)874745869(28,13)
(29,12)1924723135(30,12)
(29,12)1370855407(29,13)
(30,12)2122099349(31,12)
(30,12)1531665237(30,13)
(31,12)336133128(32,12)
(31,12)2120442238(31,13)
(32,12)2086633572(33,12)
(32,12)1318579807(32,13)
(33,12)1806332346(34,12)
(33,12)466308262(33,13)
(34,12)279585465(35,12)
(34,12)515980402(34,13)
(35,12)297412168(36,12)
(35,12)1698952839(35,13)
(36,12)127157674(37,12)
(36,12)1932246929(36,13)
(37,12)1182874282(38,12)
(37,12)283508842(37,13)
(38,12)397225301(39,12)
(38,12)674242988(38,13)
(39,12)2128250345(40,12)
(39,12)1977923059(39,13)
(40,12)174118970(41,12)
(40,12)742958633(40,13)
(41,12)635687461(42,12)
(41,12)55237584(41,13)
(42,12)253407861(43,12)
(42,12)109639690(42,13)
(43,12)984385559(44,12)
(43,12)2122936451(43,13)
(44,12)1346308210(45,12)
(44,12)1078962227(44,13)
(45,12)463143817(46,12)
(45,12)761625047(45,13)
(46,12)734583637(47,12)
(46,12)1320923912(46,13)
(47,12)492020071(48,12)
(47,12)799276945(47,13)
(48,12)1265585207(49,12)
(48,12)673733561(48,13)
(49,12)150868769(49,13)
(0,13)1545170672(1,13)
(0,13)1189713963(0,14)
(1,13)1487126131(2,13)
(1,13)1849821608(1,14)
(2,13)1976979282(3,13)
(2,13)1329933953(2,14)
(3,13)365324588(4,13)
(3,13)1770634973(3,14)
(4,13)20376626(5,13)
(4,13)503738623(4,14)
(5,13)484505320(6,13)
(5,13)195763999(5,14)
(6,13)369882969(7,13)
(6,13)763335260(6,14)
(7,13)1399022721(8,13)
(7,13)539742904(7,14)
(8,13)793150765(9,13)
(8,13)479522660(8,14)
(9,13)1463908219(10,13)
(9,13)1374475524(9,14)
(10,13)573300086(11,13)
(10,13)1872112992(10,14)
(11,13)187773161(12,13)
(11,13)78049618(11,14)
(12,13)812633255(13,13)
(12,13)1894223998(12,14)
(13,13)238760421(14,13)
(13,13)987050106(13,14)
(14,13)105151665(15,13)
(14,13)1486366816(14,14)
(15,13)528597131(16,13)
(15,13)389629190(15,14)
(16,13)91967150(17,13)
(16,13)1650322338(16,14)
(17,13)832772643(18,13)
(17,13)2015723262(17,14)
(18,13)1638874588(19,13)
(18,13)2068946433(18,14)
(19,13)425201408(20,13)
(19,13)1198097231(19,14)
(20,13)1393861231(21,13)
(20,13)1659251214(20,14)
(21,13)275102826(22,13)
(21,13)909706728(21,14)
(22,13)1449449632(23,13)
(22,13)1763744200(22,14)
(23,13)95783212(24,13)
(23,13)1674125547(23,14)
(24,13)901117423(25,13)
(24,13)95116749(24,14)
(25,13)1967229741(26,13)
(25,13)1559691432(25,14)
(26,13)1637741050(27,13)
(26,13)1474417510(26,14)
(27,13)1221157860(28,13)
(27,13)7519255(27,14)
(28,13)994569361(29,13)
(28,13)302890658(28,14)
(29,13)1789257474(30,13)
(29,13)1459918282(29,14)
(30,13)1849547472(31,13)
(30,13)1099721027(30,14)
(31,13)602559717(32,13)
(31,13)170370958(31,14)
(32,13)38610572(33,13)
(32,13)1941514623(32,14)
(33,13)1862977408(34,13)
(33,13)1435332360(33,14)
(34,13)485945944(35,13)
(34,13)1677485160(34,14)
(35,13)1189252727(36,13)
(35,13)140695168(35,14)
(36,13)1050401896(37,13)
(36,13)1879807175(36,14)
(37,13)1496067727(38,13)
(37,13)1464355553(37,14)
(38,13)990997453(39,13)
(38,13)352367880(38,14)
(39,13)447484629(40,13)
(39,13)1591850940(39,14)
(40,13)1004058724(41,13)
(40,13)1892114876(40,14)
(41,13)1219048738(42,13)
(41,13)267230722(41,14)
(42,13)274749977(43,13)
(42,13)494316126(42,14)
(43,13)797206784(44,13)
(43,13)292722951(43,14)
(44,13)1752641233(45,13)
(44,13)1269319339(44,14)
(45,13)221556718(46,13)
(45,13)438980611(45,14)
(46,13)609351569(47,13)
(46,13)1454705057(46,14)
(47,13)1248736032(48,13)
(47,13)824116435(47,14)
(48,13)111965147(49,13)
(48,13)647962141(48,14)
(49,13)964229792(49,14)
(0,14)597911091(1,14)
(0,14)177963654(0,15)
(1,14)1367216381(2,14)
(1,14)1104924960(1,15)
(2,14)7843208(3,14)
(2,14)330234618(2,15)
(3,14)1826302346(4,14)
(3,14)684088286(3,15)
(4,14)1675085739(5,14)
(4,14)360211088(4,15)
(5,14)807695717(6,14)
(5,14)1270669638(5,15)
(6,14)127244714(7,14)
(6,14)1419716968(6,15)
(7,14)491282058(8,14)
(7,14)1074926440(7,15)
(8,14)1349676417(9,14)
(8,14)621560840(8,15)
(9,14)1418767625(10,14)
(9,14)784005009(9,15)
(10,14)389162594(11,14)
(10,14)471512108(10,15)
(11,14)693068826(12,14)
(11,14)1857748236(11,15)
(12,14)319616157(13,14)
(12,14)1843867652(12,15)
(13,14)945120036(14,14)
(13,14)1517185261(13,15)
(14,14)1629150409(15,14)
(14,14)967578298(14,15)
(15,14)1145541952(16,14)
(15,14)1909349829(15,15)
(16,14)866791141(17,14)
(16,14)79577852(16,15)
(17,14)409812471(18,14)
(17,14)365274685(17,15)
(18,14)1049362972(19,14)
(18,14)874634350(18,15)
(19,14)1234845438(20,14)
(19,14)88631169(19,15)
(20,14)1359300807(21,14)
(20,14)576965063(20,15)
(21,14)1996682031(22,14)
(21,14)2042541156(21,15)
(22,14)969983948(23,14)
(22,14)1486545521(22,15)
(23,14)2108106361(24,14)
(23,14)340480442(23,15)
(24,14)1124485451(25,14)
(24,14)172176717(24,15)
(25,14)643688826(26,14)
(25,14)1379390338(25,15)
(26,14)1089654926(27,14)
(26,14)1513648046(26,15)
(27,14)1210032050(28,14)
(27,14)1336757652(27,15)
(28,14)706459266(29,14)
(28,14)1409271083(28,15)
(29,14)229365734(30,14)
(29,14)7668438(29,15)
(30,14)1917018267(31,14)
(30,14)188126027(30,15)
(31,14)267703879(32,14)
(31,14)1374907686(31,15)
(32,14)1740182372(33,14)
(32,14)636325761(32,15)
(33,14)1510960111(34,14)
(33,14)677516350(33,15)
(34,14)766147519(35,14)
(34,14)642061696(34,15)
(35,14)1219026759(36,14)
(35,14)598321901(35,15)
(36,14)493379409(37,14)
(36,14)2125448326(36,15)
(37,14)1464510199(38,14)
(37,14)1068225143(37,15)
(38,14)1408705585(39,14)
(38,14)1463363357(38,15)
(39,14)1635540075(40,14)
(39,14)1425132913(39,15)
(40,14)657039603(41,14)
(40,14)385707388(40,15)
(41,14)1899355434(42,14)
(41,14)131745253(41,15)
(42,14)1468502905(43,14)
(42,14)1746694530(42,15)
(43,14)1008481965(44,14)
(43,14)961903836(43,15)
(44,14)969572275(45,14)
(44,14)27478523(44,15)
(45,14)215604550(46,14)
(45,14)1237847699(45,15)
(46,14)465271738(47,14)
(46,14)739106894(46,15)
(47,14)1375432655(48,14)
(47,14)483308430(47,15)
(48,14)1160824780(49,14)
(48,14)57970462(48,15)
(49,14)738909118(49,15)
(0,15)1926972300(1,15)
(0,15)700032158(0,16)
(1,15)1919058917(2,15)
(1,15)1337231020(1,16)
(2,15)1830610429(3,15)
(2,15)1904936978(2,16)
(3,15)1221963530(4,15)
(3,15)839800412(3,16)
(4,15)101022349(5,15)
(4,15)1146490139(4,16)
(5,15)634546566(6,15)
(5,15)499612795(5,16)
(6,15)1156652398(7,15)
(6,15)486729738(6,16)
(7,15)238601524(8,15)
(7,15)766291819(7,16)
(8,15)87311076(9,15)
(8,15)755863280(8,16)
(9,15)1764345246(10,15)
(9,15)1200505361(9,16)
(10,15)22593988(11,15)
(10,15)114789600(10,16)
(11,15)330394150(12,15)
(11,15)854709297(11,16)
(12,15)1319981035(13,15)
(12,15)761700882(12,16)
(13,15)2137133538(14,15)
(13,15)813702580(13,16)
(14,15)1974527361(15,15)
(14,15)1377951497(14,16)
(15,15)2077983655(16,15)
(15,15)728559008(15,16)
(16,15)2065790028(17,15)
(16,15)1754016013(16,16)
(17,15)1511469343(18,15)
(17,15)1849558925(17,16)
(18,15)541875689(19,15)
(18,15)1748916810(18,16)
(19,15)747923301(20,15)
(19,15)585949225(19,16)
(20,15)1085562020(21,15)
(20,15)642898039(20,16)
(21,15)1129627777(22,15)
(21,15)1382469867(21,16)
(22,15)1278038(23,15)
(22,15)94730771(22,16)
(23,15)850594051(24,15)
(23,15)1368229301(23,16)
(24,15)421251014(25,15)
(24,15)88589114(24,16)
(25,15)203378714(26,15)
(25,15)467455649(25,16)
(26,15)1322164947(27,15)
(26,15)443845002(26,16)
(27,15)1205545885(28,15)
(27,15)533772865(27,16)
(28,15)1347475445(29,15)
(28,15)494662334(28,16)
(29,15)1872613832(30,15)
(29,15)1195195775(29,16)
(30,15)1923754783(31,15)
(30,15)1174519158(30,16)
(31,15)781051523(32,15)
(31,15)1803113839(31,16)
(32,15)1505189116(33,15)
(32,15)1842061164(32,16)
(33,15)1443494326(34,15)
(33,15)145037219(33,16)
(34,15)730986444(35,15)
(34,15)2047064806(34,16)
(35,15)542479197(36,15)
(35,15)43933979(35,16)
(36,15)1426403846(37,15)
(36,15)1816548465(36,16)
(37,15)1911279236(38,15)
(37,15)1672106974(37,16)
(38,15)892852627(39,15)
(38,15)1427681884(38,16)
(39,15)1516270998(40,15)
(39,15)614389639(39,16)
(40,15)1081845289(41,15)
(40,15)1314103642(40,16)
(41,15)1757948644(42,15)
(41,15)1719649713(41,16)
(42,15)105938930(43,15)
(42,15)256526588(42,16)
(43,15)751188922(44,15)
(43,15)816010881(43,16)
(44,15)2011206656(45,15)
(44,15)1453414375(44,16)
(45,15)480449886(46,15)
(45,15)476319106(45,16)
(46,15)131949298(47,15)
(46,15)1787477792(46,16)
(47,15)1482055308(48,15)
(47,15)1261501409(47,16)
(48,15)1406538628(49,15)
(48,15)1637138414(48,16)
(49,15)778065986(49,16)
(0,16)2137525073(1,16)
(0,16)1536719572(0,17)
(1,16)2079198769(2,16)
(1,16)821999965(1,17)
(2,16)100920163(3,16)
(2,16)1806589890(2,17)
(3,16)1570385478(4,16)
(3,16)1603822095(3,17)
(4,16)349191075(5,16)
(4,16)1528602047(4,17)
(5,16)897389397(6,16)
(5,16)37291469(5,17)
(6,16)1119136758(7,16)
(6,16)1663294717(6,17)
(7,16)1273759713(8,16)
(7,16)469555462(7,17)
(8,16)575494392(9,16)
(8,16)1375663346(8,17)
(9,16)2126852269(10,16)
(9,16)2089770595(9,17)
(10,16)1953493603(11,16)
(10,16)2028908768(10,17)
(11,16)361875006(12,16)
(11,16)455687727(11,17)
(12,16)587637025(13,16)
(12,16)1593487747(12,17)
(13,16)928059407(14,16)
(13,16)1623376415(13,17)
(14,16)882431396(15,16)
(14,16)77291792(14,17)
(15,16)1614011364(16,16)
(15,16)1706125393(15,17)
(16,16)380641710(17,16)
(16,16)872472821(16,17)
(17,16)531579063(18,16)
(17,16)1545726486(17,17)
(18,16)1002064933(19,16)
(18,16)481561873(18,17)
(19,16)2010163920(20,16)
(19,16)2101964541(19,17)
(20,16)2139256010(21,16)
(20,16)1351256008(20,17)
(21,16)867067077(22,16)
(21,16)760069670(21,17)
(22,16)1229625132(23,16)
(22,16)1110909121(22,17)
(23,16)339088819(24,16)
(23,16)2140826791(23,17)
(24,16)2083113738(25,16)
(24,16)1805119525(24,17)
(25,16)1686544645(26,16)
(25,16)318457440(25,17)
(26,16)774145168(27,16)
(26,16)1889123693(26,17)
(27,16)1335127793(28,16)
(27,16)2048419651(27,17)
(28,16)1524312418(29,16)
(28,16)1361782193(28,17)
(29,16)1439073985(30,16)
(29,16)115703552(29,17)
(30,16)1821828946(31,16)
(30,16)259260166(30,17)
(31,16)1131732987(32,16)
(31,16)905601702(31,17)
(32,16)303844540(33,16)
(32,16)54987008(32,17)
(33,16)536548882(34,16)
(33,16)1663312050(33,17)
(34,16)1617792943(35,16)
(34,16)1305909473(34,17)
(35,16)509681834(36,16)
(35,16)399229154(35,17)
(36,16)1159298824(37,16)
(36,16)1609565306(36,17)
(37,16)572990779(38,16)
(37,16)1376748911(37,17)
(38,16)1370092054(39,16)
(38,16)241440309(38,17)
(39,16)2046559834(40,16)
(39,16)912079598(39,17)
(40,16)1230537039(41,16)
(40,16)1305722144(40,17)
(41,16)1047362190(42,16)
(41,16)1585620831(41,17)
(42,16)1486556834(43,16)
(42,16)2004682207(42,17)
(43,16)1218980752(44,16)
(43,16)235006335(43,17)
(44,16)350709887(45,16)
(44,16)863385604(44,17)
(45,16)1122645771(46,16)
(45,16)510571090(45,17)
(46,16)1416172792(47,16)
(46,16)25055185(46,17)
(47,16)80042194(48,16)
(47,16)106895110(47,17)
(48,16)1770207161(49,16)
(48,16)1720017332(48,17)
(49,16)616591076(49,17)
(0,17)1240516456(1,17)
(0,17)878443157(0,18)
(1,17)1388124991(2,17)
(1,17)1015820230(1,18)
(2,17)27635407(3,17)
(2,17)702598114(2,18)
(3,17)1275588893(4,17)
(3,17)617390255(3,18)
(4,17)1987482309(5,17)
(4,17)269075716(4,18)
(5,17)168151902(6,17)
(5,17)40184844(5,18)
(6,17)1270721883(7,17)
(6,17)1145720806(6,18)
(7,17)45599348(8,17)
(7,17)1753772733(7,18)
(8,17)1092845919(9,17)
(8,17)1127920442(8,18)
(9,17)199417546(10,17)
(9,17)280605683(9,18)
(10,17)631315570(11,17)
(10,17)1956231523(10,18)
(11,17)931393646(12,17)
(11,17)709988636(11,18)
(12,17)2126161428(13,17)
(12,17)656370756(12,18)
(13,17)736412950(14,17)
(13,17)1038288757(13,18)
(14,17)661012270(15,17)
(14,17)1698695112(14,18)
(15,17)429654622(16,17)
(15,17)1353004026(15,18)
(16,17)221340608(17,17)
(16,17)1901528726(16,18)
(17,17)456643193(18,17)
(17,17)1817779613(17,18)
(18,17)287686220(19,17)
(18,17)248976015(18,18)
(19,17)518051731(20,17)
(19,17)1732232086(19,18)
(20,17)1772416930(21,17)
(20,17)127684882(20,18)
(21,17)1273405688(22,17)
(21,17)686203633(21,18)
(22,17)292492718(23,17)
(22,17)895655165(22,18)
(23,17)2023575607(24,17)
(23,17)1319005036(23,18)
(24,17)1599610719(25,17)
(24,17)1385338637(24,18)
(25,17)1194086513(26,17)
(25,17)75509506(25,18)
(26,17)785498142(27,17)
(26,17)83442641(26,18)
(27,17)739813397(28,17)
(27,17)2125480159(27,18)
(28,17)1016285268(29,17)
(28,17)764175923(28,18)
(29,17)315387387(30,17)
(29,17)1476226347(29,18)
(30,17)681746725(31,17)
(30,17)1677297538(30,18)
(31,17)1431342617(32,17)
(31,17)745042009(31,18)
(32,17)415337975(33,17)
(32,17)903087334(32,18)
(33,17)1152063349(34,17)
(33,17)1887985810(33,18)
(34,17)1472734248(35,17)
(34,17)703024195(34,18)
(35,17)830709077(36,17)
(35,17)1670115081(35,18)
(36,17)208835066(37,17)
(36,17)1097667531(36,18)
(37,17)1993322696(38,17)
(37,17)2104114765(37,18)
(38,17)1275636153(39,17)
(38,17)501327785(38,18)
(39,17)1886666422(40,17)
(39,17)1869414656(39,18)
(40,17)1944924162(41,17)
(40,17)727763224(40,18)
(41,17)811205866(42,17)
(41,17)933269287(41,18)
(42,17)911265799(43,17)
(42,17)582938656(42,18)
(43,17)1347114579(44,17)
(43,17)1551019263(43,18)
(44,17)879761963(45,17)
(44,17)1927551067(44,18)
(45,17)1457364958(46,17)
(45,17)1662501967(45,18)
(46,17)260060328(47,17)
(46,17)1561508688(46,18)
(47,17)317112374(48,17)
(47,17)741223927(47,18)
(48,17)481726089(49,17)
(48,17)675398303(48,18)
(49,17)1469175724(49,18)
(0,18)1954460337(1,18)
(0,18)1378422499(0,19)
(1,18)61647928(2,18)
(1,18)991807157(1,19)
(2,18)1200642223(3,18)
(2,18)904644220(2,19)
(3,18)750483269(4,18)
(3,18)18279046(3,19)
(4,18)1293915199(5,18)
(4,18)1701970008(4,19)
(5,18)1441152783(6,18)
(5,18)472414277(5,19)
(6,18)269854791(7,18)
(6,18)2021678424(6,19)
(7,18)685400642(8,18)
(7,18)226938422(7,19)
(8,18)1138204221(9,18)
(8,18)852793447(8,19)
(9,18)52424379(10,18)
(9,18)88936257(9,19)
(10,18)968698220(11,18)
(10,18)918271641(10,19)
(11,18)228152951(12,18)
(11,18)1714926346(11,19)
(12,18)1974986674(13,18)
(12,18)382723261(12,19)
(13,18)699835635(14,18)
(13,18)969376878(13,19)
(14,18)1451102967(15,18)
(14,18)502901330(14,19)
(15,18)1881323829(16,18)
(15,18)21527711(15,19)
(16,18)1013334868(17,18)
(16,18)1258079656(16,19)
(17,18)15240229(18,18)
(17,18)1942971757(17,19)
(18,18)1961250803(19,18)
(18,18)66493444(18,19)
(19,18)1768463452(20,18)
(19,18)765723498(19,19)
(20,18)1238137775(21,18)
(20,18)1107682355(20,19)
(21,18)981877131(22,18)
(21,18)1062132587(21,19)
(22,18)1289071010(23,18)
(22,18)1507992566(22,19)
(23,18)213302365(24,18)
(23,18)1667277773(23,19)
(24,18)1756214030(25,18)
(24,18)279791583(24,19)
(25,18)1198063224(26,18)
(25,18)265726744(25,19)
(26,18)1980653090(27,18)
(26,18)577428603(26,19)
(27,18)960151864(28,18)
(27,18)1426216175(27,19)
(28,18)248109405(29,18)
(28,18)1808156117(28,19)
(29,18)163573799(30,18)
(29,18)1659987499(29,19)
(30,18)1681515211(31,18)
(30,18)1699212372(30,19)
(31,18)809808381(32,18)
(31,18)2044897628(31,19)
(32,18)1840385737(33,18)
(32,18)547366431(32,19)
(33,18)613859875(34,18)
(33,18)825048610(33,19)
(34,18)1590772108(35,18)
(34,18)1654152893(34,19)
(35,18)614351600(36,18)
(35,18)234839680(35,19)
(36,18)1296972267(37,18)
(36,18)681426235(36,19)
(37,18)41935153(38,18)
(37,18)1596228731(37,19)
(38,18)1116022856(39,18)
(38,18)438559629(38,19)
(39,18)718351213(40,18)
(39,18)255237518(39,19)
(40,18)520964263(41,18)
(40,18)724753238(40,19)
(41,18)1302181841(42,18)
(41,18)1916414437(41,19)
(42,18)1195146965(43,18)
(42,18)354133705(42,19)
(43,18)14806174(44,18)
(43,18)114850057(43,19)
(44,18)1774837557(45,18)
(44,18)1443256370(44,19)
(45,18)994985095(46,18)
(45,18)178379973(45,19)
(46,18)75793953(47,18)
(46,18)1308869120(46,19)
(47,18)1856235551(48,18)
(47,18)1804793476(47,19)
(48,18)482358438(49,18)
(48,18)1916179691(48,19)
(49,18)322611779(49,19)
(0,19)2073130546(1,19)
(0,19)1422848936(0,20)
(1,19)2037200536(2,19)
(1,19)557451459(1,20)
(2,19)1854423726(3,19)
(2,19)607073133(2,20)
(3,19)649008286(4,19)
(3,19)1485945619(3,20)
(4,19)454484827(5,19)
(4,19)145499708(4,20)
(5,19)863850921(6,19)
(5,19)904245804(5,20)
(6,19)1425210067(7,19)
(6,19)1179238065(6,20)
(7,19)333936259(8,19)
(7,19)632781710(7,20)
(8,19)1827928675(9,19)
(8,19)1779343773(8,20)
(9,19)1794149947(10,19)
(9,19)448786316(9,20)
(10,19)76140225(11,19)
(10,19)1123701398(10,20)
(11,19)2118686493(12,19)
(11,19)1972529921(11,20)
(12,19)2048323874(13,19)
(12,19)1385009345(12,20)
(13,19)1093761249(14,19)
(13,19)1775996321(13,20)
(14,19)110871111(15,19)
(14,19)1817019917(14,20)
(15,19)1092385205(16,19)
(15,19)1416373028(15,20)
(16,19)1973824487(17,19)
(16,19)36518009(16,20)
(17,19)643591142(18,19)
(17,19)982102093(17,20)
(18,19)320564064(19,19)
(18,19)1680764565(18,20)
(19,19)1826264273(20,19)
(19,19)1292599428(19,20)
(20,19)49361584(21,19)
(20,19)775048891(20,20)
(21,19)1954286957(22,19)
(21,19)542631546(21,20)
(22,19)1175413257(23,19)
(22,19)1474571652(22,20)
(23,19)1106431777(24,19)
(23,19)140739568(23,20)
(24,19)589525884(25,19)
(24,19)855858284(24,20)
(25,19)1979559682(26,19)
(25,19)753098076(25,20)
(26,19)578144349(27,19)
(26,19)665666110(26,20)
(27,19)2050675455(28,19)
(27,19)1950762527(27,20)
(28,19)1579275200(29,19)
(28,19)478984576(28,20)
(29,19)148520845(30,19)
(29,19)996953056(29,20)
(30,19)265842436(31,19)
(30,19)1690146311(30,20)
(31,19)1726664320(32,19)
(31,19)1240906051(31,20)
(32,19)75524496(33,19)
(32,19)92183275(32,20)
(33,19)1772947841(34,19)
(33,19)222771814(33,20)
(34,19)1515371242(35,19)
(34,19)396088561(34,20)
(35,19)1171137452(36,19)
(35,19)1451728466(35,20)
(36,19)1994360013(37,19)
(36,19)1564732827(36,20)
(37,19)891820831(38,19)
(37,19)977940761(37,20)
(38,19)1118680329(39,19)
(38,19)1022289622(38,20)
(39,19)1878147906(40,19)
(39,19)1998252608(39,20)
(40,19)603867036(41,19)
(40,19)1708206214(40,20)
(41,19)226388676(42,19)
(41,19)1710223941(41,20)
(42,19)1513502820(43,19)
(42,19)1182011386(42,20)
(43,19)1660995962(44,19)
(43,19)129580483(43,20)
(44,19)1126533540(45,19)
(44,19)945294373(44,20)
(45,19)487957036(46,19)
(45,19)1809516807(45,20)
(46,19)902939210(47,19)
(46,19)1392375976(46,20)
(47,19)1484559252(48,19)
(47,19)67137709(47,20)
(48,19)289909523(49,19)
(48,19)978463707(48,20)
(49,19)1110023445(49,20)
(0,20)1805280766(1,20)
(0,20)1374552268(0,21)
(1,20)398206072(2,20)
(1,20)414268263(1,21)
(2,20)261144628(3,20)
(2,20)1222529945(2,21)
(3,20)2114350776(4,20)
(3,20)1376146834(3,21)
(4,20)347343515(5,20)
(4,20)1283434250(4,21)
(5,20)1014098509(6,20)
(5,20)1965119736(5,21)
(6,20)421503124(7,20)
(6,20)2055549729(6,21)
(7,20)134454757(8,20)
(7,20)576838802(7,21)
(8,20)2090341622(9,20)
(8,20)1603514510(8,21)
(9,20)1117026824(10,20)
(9,20)264035241(9,21)
(10,20)1390568781(11,20)
(10,20)888152347(10,21)
(11,20)1376109384(12,20)
(11,20)779059984(11,21)
(12,20)1681999194(13,20)
(12,20)635461109(12,21)
(13,20)2120020361(14,20)
(13,20)1443247093(13,21)
(14,20)1733156616(15,20)
(14,20)512979253(14,21)
(15,20)1887531521(16,20)
(15,20)1082560158(15,21)
(16,20)1496828422(17,20)
(16,20)1390953734(16,21)
(17,20)466000031(18,20)
(17,20)138253946(17,21)
(18,20)1514400780(19,20)
(18,20)1757973050(18,21)
(19,20)893923653(20,20)
(19,20)432867159(19,21)
(20,20)250503247(21,20)
(20,20)1861744295(20,21)
(21,20)1769810377(22,20)
(21,20)1908022162(21,21)
(22,20)337377316(23,20)
(22,20)672006372(22,21)
(23,20)128037234(24,20)
(23,20)1904265134(23,21)
(24,20)20816727(25,20)
(24,20)280235290(24,21)
(25,20)1168387638(26,20)
(25,20)1245064059(25,21)
(26,20)2024124043(27,20)
(26,20)1411385508(26,21)
(27,20)2046846618(28,20)
(27,20)397013374(27,21)
(28,20)1840260467(29,20)
(28,20)1558639589(28,21)
(29,20)2071618843(30,20)
(29,20)2019383331(29,21)
(30,20)954459842(31,20)
(30,20)1425933435(30,21)
(31,20)669403522(32,20)
(31,20)1811666716(31,21)
(32,20)1949920662(33,20)
(32,20)303804616(32,21)
(33,20)2061777666(34,20)
(33,20)1135403553(33,21)
(34,20)1568270713(35,20)
(34,20)1316837794(34,21)
(35,20)1031098442(36,20)
(35,20)808217671(35,21)
(36,20)568756185(37,20)
(36,20)1818773960(36,21)
(37,20)343296684(38,20)
(37,20)653425171(37,21)
(38,20)410206657(39,20)
(38,20)906133501(38,21)
(39,20)1186368792(40,20)
(39,20)471333919(39,21)
(40,20)1716397978(41,20)
(40,20)431023385(40,21)
(41,20)1842408893(42,20)
(41,20)207272782(41,21)
(42,20)604286156(43,20)
(42,20)1593038373(42,21)
(43,20)1004194314(44,20)
(43,20)1741771863(43,21)
(44,20)1613671547(45,20)
(44,20)297062975(44,21)
(45,20)1722996410(46,20)
(45,20)928329509(45,21)
(46,20)592512578(47,20)
(46,20)420647741(46,21)
(47,20)724452357(48,20)
(47,20)244916284(47,21)
(48,20)1380319838(49,20)
(48,20)394949592(48,21)
(49,20)638746375(49,21)
(0,21)801106903(1,21)
(0,21)1711787387(0,22)
(1,21)595402181(2,21)
(1,21)1446964047(1,22)
(2,21)2015720232(3,21)
(2,21)472397215(2,22)
(3,21)815693900(4,21)
(3,21)1248827352(3,22)
(4,21)1659034009(5,21)
(4,21)774370086(4,22)
(5,21)1960738878(6,21)
(5,21)1287027819(5,22)
(6,21)855942149(7,21)
(6,21)2090057394(6,22)
(7,21)1784982640(8,21)
(7,21)20528012(7,22)
(8,21)624814168(9,21)
(8,21)301496874(8,22)
(9,21)1305691188(10,21)
(9,21)1379270855(9,22)
(10,21)845458754(11,21)
(10,21)921877143(10,22)
(11,21)497389905(12,21)
(11,21)86537050(11,22)
(12,21)679049628(13,21)
(12,21)1266106495(12,22)
(13,21)1990558852(14,21)
(13,21)742306190(13,22)
(14,21)2122626028(15,21)
(14,21)1073999220(14,22)
(15,21)638302959(16,21)
(15,21)481821580(15,22)
(16,21)1928785627(17,21)
(16,21)776249283(16,22)
(17,21)1248646498(18,21)
(17,21)1233705140(17,22)
(18,21)335048844(19,21)
(18,21)1797022211(18,22)
(19,21)423908649(20,21)
(19,21)2064340398(19,22)
(20,21)1203884569(21,21)
(20,21)1994082854(20,22)
(21,21)1936656600(22,21)
(21,21)237163879(21,22)
(22,21)257691891(23,21)
(22,21)2059826718(22,22)
(23,21)213839944(24,21)
(23,21)1574155592(23,22)
(24,21)805942800(25,21)
(24,21)882506059(24,22)
(25,21)1804383202(26,21)
(25,21)1519531133(25,22)
(26,21)1606068183(27,21)
(26,21)1651401554(26,22)
(27,21)770024402(28,21)
(27,21)154289460(27,22)
(28,21)896595650(29,21)
(28,21)137634163(28,22)
(29,21)1211633383(30,21)
(29,21)613099606(29,22)
(30,21)1094921186(31,21)
(30,21)871738030(30,22)
(31,21)1647987313(32,21)
(31,21)1849936343(31,22)
(32,21)936157835(33,21)
(32,21)876223165(32,22)
(33,21)525761729(34,21)
(33,21)749150163(33,22)
(34,21)666006914(35,21)
(34,21)1271206680(34,22)
(35,21)1117805886(36,21)
(35,21)949670378(35,22)
(36,21)1186834258(37,21)
(36,21)1869891483(36,22)
(37,21)1782234554(38,21)
(37,21)906978838(37,22)
(38,21)333650783(39,21)
(38,21)1444526149(38,22)
(39,21)179548561(40,21)
(39,21)1996074498(39,22)
(40,21)1368121983(41,21)
(40,21)1139593583(40,22)
(41,21)643511489(42,21)
(41,21)1983931763(41,22)
(42,21)2138221223(43,21)
(42,21)826706518(42,22)
(43,21)964340681(44,21)
(43,21)1413535891(43,22)
(44,21)2026635498(45,21)
(44,21)887333225(44,22)
(45,21)1759071255(46,21)
(45,21)28490417(45,22)
(46,21)1878426760(47,21)
(46,21)974073036(46,22)
(47,21)1850296202(48,21)
(47,21)1259574920(47,22)
(48,21)2008725084(49,21)
(48,21)667100947(48,22)
(49,21)228574283(49,22)
(0,22)527248350(1,22)
(0,22)1938307627(0,23)
(1,22)908629865(2,22)
(1,22)1178244661(1,23)
(2,22)217595271(3,22)
(2,22)249656185(2,23)
(3,22)2031890739(4,22)
(3,22)1815608704(3,23)
(4,22)1775839(5,22)
(4,22)1662121421(4,23)
(5,22)1841669982(6,22)
(5,22)1880481590(5,23)
(6,22)1101119925(7,22)
(6,22)1141369422(6,23)
(7,22)1784880911(8,22)
(7,22)1678118097(7,23)
(8,22)1668855673(9,22)
(8,22)1927826444(8,23)
(9,22)744683477(10,22)
(9,22)1050933155(9,23)
(10,22)930085005(11,22)
(10,22)408705250(10,23)
(11,22)20292858(12,22)
(11,22)773173894(11,23)
(12,22)504117006(13,22)
(12,22)1904158041(12,23)
(13,22)1606970595(14,22)
(13,22)1279867778(13,23)
(14,22)1141109214(15,22)
(14,22)1171217954(14,23)
(15,22)962041933(16,22)
(15,22)1835544878(15,23)
(16,22)866305892(17,22)
(16,22)1668357564(16,23)
(17,22)1918013750(18,22)
(17,22)1870671799(17,23)
(18,22)1538796855(19,22)
(18,22)1083901163(18,23)
(19,22)598538936(20,22)
(19,22)1802420841(19,23)
(20,22)1535418783(21,22)
(20,22)1540572694(20,23)
(21,22)534458468(22,22)
(21,22)292725270(21,23)
(22,22)1970843368(23,22)
(22,22)489055061(22,23)
(23,22)269397857(24,22)
(23,22)171855731(23,23)
(24,22)1222788886(25,22)
(24,22)1492215393(24,23)
(25,22)1900920643(26,22)
(25,22)1014081334(25,23)
(26,22)1787255229(27,22)
(26,22)5390243(26,23)
(27,22)1909548285(28,22)
(27,22)1921213501(27,23)
(28,22)1053597632(29,22)
(28,22)143888587(28,23)
(29,22)1315106541(30,22)
(29,22)1369035232(29,23)
(30,22)1057096463(31,22)
(30,22)47223198(30,23)
(31,22)1715580763(32,22)
(31,22)129664827(31,23)
(32,22)2000336626(33,22)
(32,22)1923402355(32,23)
(33,22)859819870(34,22)
(33,22)1486110865(33,23)
(34,22)1141048058(35,22)
(34,22)1391649833(34,23)
(35,22)784738879(36,22)
(35,22)1458358807(35,23)
(36,22)1751084077(37,22)
(36,22)528983194(36,23)
(37,22)1018038255(38,22)
(37,22)1319197347(37,23)
(38,22)1491053078(39,22)
(38,22)1574443797(38,23)
(39,22)919175542(40,22)
(39,22)1287436112(39,23)
(40,22)154033798(41,22)
(40,22)566358317(40,23)
(41,22)571748560(42,22)
(41,22)672612538(41,23)
(42,22)446342391(43,22)
(42,22)1941289027(42,23)
(43,22)2085177615(44,22)
(43,22)333813197(43,23)
(44,22)1702848430(45,22)
(44,22)1499940023(44,23)
(45,22)1547163222(46,22)
(45,22)1252800508(45,23)
(46,22)1382465335(47,22)
(46,22)612461245(46,23)
(47,22)388379952(48,22)
(47,22)1115260337(47,23)
(48,22)453887554(49,22)
(48,22)1235318313(48,23)
(49,22)1248199822(49,23)
(0,23)1594935612(1,23)
(0,23)479484498(0,24)
(1,23)1264223377(2,23)
(1,23)559074981(1,24)
(2,23)162675411(3,23)
(2,23)2123918806(2,24)
(3,23)994473413(4,23)
(3,23)435937076(3,24)
(4,23)1926990155(5,23)
(4,23)1737119208(4,24)
(5,23)508811103(6,23)
(5,23)134425877(5,24)
(6,23)288459676(7,23)
(6,23)345864824(6,24)
(7,23)917613384(8,23)
(7,23)1181423641(7,24)
(8,23)1627766032(9,23)
(8,23)82265055(8,24)
(9,23)19959022(10,23)
(9,23)1251426582(9,24)
(10,23)806791364(11,23)
(10,23)980222408(10,24)
(11,23)379901982(12,23)
(11,23)1272759531(11,24)
(12,23)507741218(13,23)
(12,23)1419252609(12,24)
(13,23)1807632561(14,23)
(13,23)1495162319(13,24)
(14,23)1949049873(15,23)
(14,23)1743059532(14,24)
(15,23)75060382(16,23)
(15,23)908348735(15,24)
(16,23)1467423717(17,23)
(16,23)1396501837(16,24)
(17,23)1372936996(18,23)
(17,23)1339283760(17,24)
(18,23)1775220836(19,23)
(18,23)1630099128(18,24)
(19,23)1219734688(20,23)
(19,23)219926761(19,24)
(20,23)354352639(21,23)
(20,23)1554727343(20,24)
(21,23)1900592167(22,23)
(21,23)1728545791(21,24)
(22,23)762485784(23,23)
(22,23)642812315(22,24)
(23,23)725077370(24,23)
(23,23)670721904(23,24)
(24,23)1922148486(25,23)
(24,23)242768169(24,24)
(25,23)1222990577(26,23)
(25,23)745036393(25,24)
(26,23)2017795924(27,23)
(26,23)581456202(26,24)
(27,23)2000708811(28,23)
(27,23)1602892559(27,24)
(28,23)950571230(29,23)
(28,23)378053494(28,24)
(29,23)2121113026(30,23)
(29,23)1660857724(29,24)
(30,23)421722811(31,23)
(30,23)752137455(30,24)
(31,23)1155644(32,23)
(31,23)48689761(31,24)
(32,23)1387973521(33,23)
(32,23)1889146528(32,24)
(33,23)1371762008(34,23)
(33,23)1374092640(33,24)
(34,23)1594019402(35,23)
(34,23)1015710709(34,24)
(35,23)422954405(36,23)
(35,23)444013049(35,24)
(36,23)25075192(37,23)
(36,23)1948372041(36,24)
(37,23)443700708(38,23)
(37,23)176062924(37,24)
(38,23)846784828(39,23)
(38,23)787560977(38,24)
(39,23)1030329146(40,23)
(39,23)1168778078(39,24)
(40,23)1913814471(41,23)
(40,23)621449666(40,24)
(41,23)1202905868(42,23)
(41,23)105836075(41,24)
(42,23)1708728634(43,23)
(42,23)1784126747(42,24)
(43,23)14696594(44,23)
(43,23)1056131031(43,24)
(44,23)569505107(45,23)
(44,23)511816216(44,24)
(45,23)1263953671(46,23)
(45,23)2135809620(45,24)
(46,23)37015733(47,23)
(46,23)991227919(46,24)
(47,23)732890799(48,23)
(47,23)1265109315(47,24)
(48,23)491718308(49,23)
(48,23)1424989254(48,24)
(49,23)2104652808(49,24)
(0,24)2085737710(1,24)
(0,24)293216316(0,25)
(1,24)716170721(2,24)
(1,24)401182209(1,25)
(2,24)426257401(3,24)
(2,24)1886626103(2,25)
(3,24)182843163(4,24)
(3,24)892233645(3,25)
(4,24)1739018474(5,24)
(4,24)1213818378(4,25)
(5,24)96663876(6,24)
(5,24)1351621241(5,25)
(6,24)1117952065(7,24)
(6,24)212984492(6,25)
(7,24)1415890361(8,24)
(7,24)202499951(7,25)
(8,24)1911228585(9,24)
(8,24)754595164(8,25)
(9,24)769291758(10,24)
(9,24)324537744(9,25)
(10,24)894042852(11,24)
(10,24)275561153(10,25)
(11,24)1539514824(12,24)
(11,24)757617731(11,25)
(12,24)794633464(13,24)
(12,24)1885270771(12,25)
(13,24)470677922(14,24)
(13,24)657140492(13,25)
(14,24)1148858800(15,24)
(14,24)72139071(14,25)
(15,24)365355387(16,24)
(15,24)427847082(15,25)
(16,24)829029291(17,24)
(16,24)1087112862(16,25)
(17,24)826255317(18,24)
(17,24)1081526108(17,25)
(18,24)1973759753(19,24)
(18,24)1255286693(18,25)
(19,24)321621423(20,24)
(19,24)1009098480(19,25)
(20,24)213236073(21,24)
(20,24)1565294579(20,25)
(21,24)1778279072(22,24)
(21,24)418285300(21,25)
(22,24)620785251(23,24)
(22,24)1331188138(22,25)
(23,24)2085783303(24,24)
(23,24)1046685785(23,25)
(24,24)1371223529(25,24)
(24,24)384530189(24,25)
(25,24)660091342(26,24)
(25,24)707591413(25,25)
(26,24)1465209144(27,24)
(26,24)117782733(26,25)
(27,24)2003053504(28,24)
(27,24)52122519(27,25)
(28,24)709263011(29,24)
(28,24)112358961(28,25)
(29,24)184498032(30,24)
(29,24)326247779(29,25)
(30,24)754094861(31,24)
(30,24)1858121811(30,25)
(31,24)797751025(32,24)
(31,24)549853419(31,25)
(32,24)1631379527(33,24)
(32,24)1583124153(32,25)
(33,24)690927198(34,24)
(33,24)1624006342(33,25)
(34,24)485621174(35,24)
(34,24)1457655632(34,25)
(35,24)875466564(36,24)
(35,24)1012548621(35,25)
(36,24)1430833921(37,24)
(36,24)698857247(36,25)
(37,24)2030045386(38,24)
(37,24)506261988(37,25)
(38,24)1552947773(39,24)
(38,24)2051619173(38,25)
(39,24)288665714(40,24)
(39,24)1968345041(39,25)
(40,24)528452806(41,24)
(40,24)776687654(40,25)
(41,24)894470388(42,24)
(41,24)948757056(41,25)
(42,24)1000879575(43,24)
(42,24)1993661951(42,25)
(43,24)2106020912(44,24)
(43,24)750040244(43,25)
(44,24)1076288023(45,24)
(44,24)1710142586(44,25)
(45,24)1420780749(46,24)
(45,24)143035296(45,25)
(46,24)692888715(47,24)
(46,24)1830382885(46,25)
(47,24)1266023390(48,24)
(47,24)71048126(47,25)
(48,24)1695054468(49,24)
(48,24)176784594(48,25)
(49,24)1956950588(49,25)
(0,25)33191994(1,25)
(0,25)1634440226(0,26)
(1,25)362423142(2,25)
(1,25)822015561(1,26)
(2,25)105365835(3,25)
(2,25)732049242(2,26)
(3,25)614610980(4,25)
(3,25)868685130(3,26)
(4,25)274149255(5,25)
(4,25)9501360(4,26)
(5,25)298167074(6,25)
(5,25)435472373(5,26)
(6,25)963925179(7,25)
(6,25)1050836910(6,26)
(7,25)1945307298(8,25)
(7,25)1246924130(7,26)
(8,25)100320058(9,25)
(8,25)810103482(8,26)
(9,25)768640746(10,25)
(9,25)547863894(9,26)
(10,25)1624151918(11,25)
(10,25)1810462644(10,26)
(11,25)1083759746(12,25)
(11,25)911676042(11,26)
(12,25)1604564757(13,25)
(12,25)1307051155(12,26)
(13,25)425590897(14,25)
(13,25)1154807872(13,26)
(14,25)702378693(15,25)
(14,25)1781349351(14,26)
(15,25)1268305930(16,25)
(15,25)235057837(15,26)
(16,25)1057073398(17,25)
(16,25)735570687(16,26)
(17,25)1467619929(18,25)
(17,25)1630729072(17,26)
(18,25)351930555(19,25)
(18,25)1162439233(18,26)
(19,25)1171940593(20,25)
(19,25)2082230909(19,26)
(20,25)370219634(21,25)
(20,25)626079810(20,26)
(21,25)1676916720(22,25)
(21,25)1470107667(21,26)
(22,25)569548150(23,25)
(22,25)1334144814(22,26)
(23,25)2144248296(24,25)
(23,25)1474740370(23,26)
(24,25)2022604265(25,25)
(24,25)669868208(24,26)
(25,25)332847204(26,25)
(25,25)765405395(25,26)
(26,25)1677081437(27,25)
(26,25)1499272535(26,26)
(27,25)658840042(28,25)
(27,25)1416606950(27,26)
(28,25)423931175(29,25)
(28,25)1134162547(28,26)
(29,25)768028250(30,25)
(29,25)1084430939(29,26)
(30,25)1319488776(31,25)
(30,25)1126309868(30,26)
(31,25)1861880555(32,25)
(31,25)2036334180(31,26)
(32,25)1519579605(33,25)
(32,25)229078526(32,26)
(33,25)1391517760(34,25)
(33,25)1182016837(33,26)
(34,25)1116764098(35,25)
(34,25)1871510160(34,26)
(35,25)350106322(36,25)
(35,25)415974705(35,26)
(36,25)1886082373(37,25)
(36,25)1486983733(36,26)
(37,25)673644899(38,25)
(37,25)2027023043(37,26)
(38,25)1354279765(39,25)
(38,25)308146875(38,26)
(39,25)978015083(40,25)
(39,25)670409547(39,26)
(40,25)1435814942(41,25)
(40,25)1229400382(40,26)
(41,25)581189269(42,25)
(41,25)1310862287(41,26)
(42,25)579985590(43,25)
(42,25)965412732(42,26)
(43,25)2099575279(44,25)
(43,25)1240029311(43,26)
(44,25)176976602(45,25)
(44,25)1003916765(44,26)
(45,25)2130226633(46,25)
(45,25)720119881(45,26)
(46,25)608970414(47,25)
(46,25)1496465378(46,26)
(47,25)1725543905(48,25)
(47,25)1844623540(47,26)
(48,25)879156729(49,25)
(48,25)2128550019(48,26)
(49,25)969578017(49,26)
(0,26)1995920828(1,26)
(0,26)1852576531(0,27)
(1,26)55199205(2,26)
(1,26)1385552722(1,27)
(2,26)1124151447(3,26)
(2,26)1335420913(2,27)
(3,26)2009065812(4,26)
(3,26)2082222248(3,27)
(4,26)1289018366(5,26)
(4,26)1432298322(4,27)
(5,26)262829757(6,26)
(5,26)531991711(5,27)
(6,26)1967806654(7,26)
(6,26)370935100(6,27)
(7,26)952124370(8,26)
(7,26)1573692045(7,27)
(8,26)6193987(9,26)
(8,26)785735738(8,27)
(9,26)737827369(10,26)
(9,26)44670033(9,27)
(10,26)221646636(11,26)
(10,26)1010110752(10,27)
(11,26)992853737(12,26)
(11,26)1457947250(11,27)
(12,26)2066917664(13,26)
(12,26)1718112014(12,27)
(13,26)1296172271(14,26)
(13,26)689993629(13,27)
(14,26)1569150359(15,26)
(14,26)2047984035(14,27)
(15,26)1753076918(16,26)
(15,26)118266640(15,27)
(16,26)1503819363(17,26)
(16,26)1417587539(16,27)
(17,26)605524804(18,26)
(17,26)1808276124(17,27)
(18,26)1743014724(19,26)
(18,26)480487162(18,27)
(19,26)1912785485(20,26)
(19,26)467106968(19,27)
(20,26)999098679(21,26)
(20,26)884549442(20,27)
(21,26)1255484543(22,26)
(21,26)28131594(21,27)
(22,26)1601823639(23,26)
(22,26)819421685(22,27)
(23,26)1605157423(24,26)
(23,26)60125265(23,27)
(24,26)104795298(25,26)
(24,26)1608017626(24,27)
(25,26)470644730(26,26)
(25,26)195501144(25,27)
(26,26)1653448395(27,26)
(26,26)326441934(26,27)
(27,26)2044553949(28,26)
(27,26)1463498467(27,27)
(28,26)6008449(29,26)
(28,26)1572882411(28,27)
(29,26)1473382799(30,26)
(29,26)1193242572(29,27)
(30,26)1311509213(31,26)
(30,26)1575158808(30,27)
(31,26)845262699(32,26)
(31,26)1078976069(31,27)
(32,26)739768545(33,26)
(32,26)667844928(32,27)
(33,26)1148332090(34,26)
(33,26)1450787503(33,27)
(34,26)1917894471(35,26)
(34,26)335299622(34,27)
(35,26)1219849064(36,26)
(35,26)913633927(35,27)
(36,26)941765522(37,26)
(36,26)769509502(36,27)
(37,26)1588931188(38,26)
(37,26)327849959(37,27)
(38,26)387975224(39,26)
(38,26)396105513(38,27)
(39,26)2004123140(40,26)
(39,26)1046604963(39,27)
(40,26)1242106108(41,26)
(40,26)492770523(40,27)
(41,26)819212457(42,26)
(41,26)327284222(41,27)
(42,26)1790782690(43,26)
(42,26)748070855(42,27)
(43,26)173469618(44,26)
(43,26)716282758(43,27)
(44,26)1909525331(45,26)
(44,26)1796791139(44,27)
(45,26)1224466299(46,26)
(45,26)1646852417(45,27)
(46,26)578344839(47,26)
(46,26)1073550896(46,27)
(47,26)1741395824(48,26)
(47,26)2069728998(47,27)
(48,26)1373032853(49,26)
(48,26)1318113384(48,27)
(49,26)742244266(49,27)
(0,27)1143443676(1,27)
(0,27)1653413006(0,28)
(1,27)725778423(2,27)
(1,27)1655878194(1,28)
(2,27)450160068(3,27)
(2,27)1912953178(2,28)
(3,27)1354400718(4,27)
(3,27)1053628382(3,28)
(4,27)1441603607(5,27)
(4,27)846265581(4,28)
(5,27)702905073(6,27)
(5,27)253522034(5,28)
(6,27)1495628142(7,27)
(6,27)1934374130(6,28)
(7,27)606102939(8,27)
(7,27)1030189296(7,28)
(8,27)673488338(9,27)
(8,27)96215349(8,28)
(9,27)269684967(10,27)
(9,27)1322385698(9,28)
(10,27)1084427381(11,27)
(10,27)322795829(10,28)
(11,27)1547262128(12,27)
(11,27)1916537385(11,28)
(12,27)347398576(13,27)
(12,27)10494629(12,28)
(13,27)1751890453(14,27)
(13,27)1469507478(13,28)
(14,27)695056683(15,27)
(14,27)1665511960(14,28)
(15,27)1171441319(16,27)
(15,27)346651071(15,28)
(16,27)2002529265(17,27)
(16,27)1838500359(16,28)
(17,27)1603969889(18,27)
(17,27)1897219742(17,28)
(18,27)803364476(19,27)
(18,27)305205685(18,28)
(19,27)1151471267(20,27)
(19,27)810886960(19,28)
(20,27)1064408994(21,27)
(20,27)97484435(20,28)
(21,27)2031858565(22,27)
(21,27)1854376340(21,28)
(22,27)737081988(23,27)
(22,27)412553488(22,28)
(23,27)508768837(24,27)
(23,27)490477857(23,28)
(24,27)1812863555(25,27)
(24,27)1410570326(24,28)
(25,27)1733366155(26,27)
(25,27)778453804(25,28)
(26,27)547507541(27,27)
(26,27)749807288(26,28)
(27,27)760301917(28,27)
(27,27)1133144635(27,28)
(28,27)455168465(29,27)
(28,27)894906117(28,28)
(29,27)412934430(30,27)
(29,27)364708722(29,28)
(30,27)711359793(31,27)
(30,27)1150225148(30,28)
(31,27)841241859(32,27)
(31,27)1584375749(31,28)
(32,27)1334111843(33,27)
(32,27)566405411(32,28)
(33,27)871611096(34,27)
(33,27)297728101(33,28)
(34,27)1108615061(35,27)
(34,27)2137476319(34,28)
(35,27)87477107(36,27)
(35,27)2023082363(35,28)
(36,27)1729975056(37,27)
(36,27)25540407(36,28)
(37,27)438093895(38,27)
(37,27)2119335672(37,28)
(38,27)462329881(39,27)
(38,27)319573396(38,28)
(39,27)1730143723(40,27)
(39,27)946862732(39,28)
(40,27)1725316536(41,27)
(40,27)127709788(40,28)
(41,27)877517076(42,27)
(41,27)1316026230(41,28)
(42,27)301687218(43,27)
(42,27)125340430(42,28)
(43,27)1020246547(44,27)
(43,27)1637818993(43,28)
(44,27)2002527715(45,27)
(44,27)756855683(44,28)
(45,27)1907080832(46,27)
(45,27)1433180977(45,28)
(46,27)870073078(47,27)
(46,27)566403861(46,28)
(47,27)1132809272(48,27)
(47,27)600839043(47,28)
(48,27)898567144(49,27)
(48,27)56701273(48,28)
(49,27)2004420368(49,28)
(0,28)2007182205(1,28)
(0,28)46693945(0,29)
(1,28)134171052(2,28)
(1,28)1880019084(1,29)
(2,28)1462510492(3,28)
(2,28)2032722612(2,29)
(3,28)323332859(4,28)
(3,28)106023076(3,29)
(4,28)568352958(5,28)
(4,28)1782083888(4,29)
(5,28)1364743963(6,28)
(5,28)1270195591(5,29)
(6,28)848028480(7,28)
(6,28)696062746(6,29)
(7,28)1573579823(8,28)
(7,28)533286546(7,29)
(8,28)834973764(9,28)
(8,28)973368910(8,29)
(9,28)1993615457(10,28)
(9,28)1063915168(9,29)
(10,28)918959236(11,28)
(10,28)1591829447(10,29)
(11,28)1351426631(12,28)
(11,28)1279312787(11,29)
(12,28)1902217(13,28)
(12,28)1485363097(12,29)
(13,28)470688721(14,28)
(13,28)1952265675(13,29)
(14,28)703349171(15,28)
(14,28)58603491(14,29)
(15,28)105297436(16,28)
(15,28)327625441(15,29)
(16,28)60160877(17,28)
(16,28)563047729(16,29)
(17,28)448286693(18,28)
(17,28)239468488(17,29)
(18,28)345491564(19,28)
(18,28)1522671369(18,29)
(19,28)1157271610(20,28)
(19,28)771619553(19,29)
(20,28)2041815144(21,28)
(20,28)913844522(20,29)
(21,28)1609907269(22,28)
(21,28)374531925(21,29)
(22,28)907818471(23,28)
(22,28)742359976(22,29)
(23,28)1715728886(24,28)
(23,28)1036003444(23,29)
(24,28)2099918612(25,28)
(24,28)1742792235(24,29)
(25,28)1187138035(26,28)
(25,28)1561860696(25,29)
(26,28)693689835(27,28)
(26,28)871394200(26,29)
(27,28)209273649(28,28)
(27,28)391081018(27,29)
(28,28)195863045(29,28)
(28,28)695592052(28,29)
(29,28)754195543(30,28)
(29,28)679962370(29,29)
(30,28)1007587812(31,28)
(30,28)899212217(30,29)
(31,28)1462259946(32,28)
(31,28)859492979(31,29)
(32,28)1098961467(33,28)
(32,28)1067748689(32,29)
(33,28)442936411(34,28)
(33,28)1910546639(33,29)
(34,28)534682544(35,28)
(34,28)1444453032(34,29)
(35,28)210813906(36,28)
(35,28)1600208021(35,29)
(36,28)1974739946(37,28)
(36,28)429014041(36,29)
(37,28)1171374017(38,28)
(37,28)1820721175(37,29)
(38,28)709240971(39,28)
(38,28)735074770(38,29)
(39,28)330383357(40,28)
(39,28)739619256(39,29)
(40,28)153996304(41,28)
(40,28)661675936(40,29)
(41,28)1533070136(42,28)
(41,28)1517521392(41,29)
(42,28)1908602411(43,28)
(42,28)847686139(42,29)
(43,28)1543278191(44,28)
(43,28)1742343786(43,29)
(44,28)274822508(45,28)
(44,28)2104465456(44,29)
(45,28)856194025(46,28)
(45,28)149990087(45,29)
(46,28)1009483066(47,28)
(46,28)1282410320(46,29)
(47,28)202675362(48,28)
(47,28)170970323(47,29)
(48,28)2081516963(49,28)
(48,28)2108444534(48,29)
(49,28)645611773(49,29)
(0,29)1405413918(1,29)
(1,29)468715859(2,29)
(2,29)98336146(3,29)
(3,29)1616227824(4,29)
(4,29)897729900(5,29)
(5,29)2073076092(6,29)
(6,29)1289465352(7,29)
(7,29)2069103918(8,29)
(8,29)660667214(9,29)
(9,29)1998706323(10,29)
(10,29)661239526(11,29)
(11,29)991050572(12,29)
(12,29)512898611(13,29)
(13,29)815235830(14,29)
(14,29)361088316(15,29)
(15,29)2045968748(16,29)
(16,29)1662921969(17,29)
(17,29)122207079(18,29)
(18,29)1640828886(19,29)
(19,29)1058716512(20,29)
(20,29)79188888(21,29)
(21,29)1915651394(22,29)
(22,29)1208706599(23,29)
(23,29)935382913(24,29)
(24,29)1050578067(25,29)
(25,29)70706018(26,29)
(26,29)1106353237(27,29)
(27,29)1253253429(28,29)
(28,29)31666904(29,29)
(29,29)1040386552(30,29)
(30,29)1898865202(31,29)
(31,29)1437080822(32,29)
(32,29)1509102411(33,29)
(33,29)1997201348(34,29)
(34,29)905824998(35,29)
(35,29)259348664(36,29)
(36,29)1922793792(37,29)
(37,29)47806702(38,29)
(38,29)180968934(39,29)
(39,29)435977359(40,29)
(40,29)2046513026(41,29)
(41,29)842208460(42,29)
(42,29)1427027931(43,29)
(43,29)411927989(44,29)
(44,29)1657444290(45,29)
(45,29)1788116247(46,29)
(46,29)310413089(47,29)
(47,29)1172882611(48,29)
(48,29)1910323327(49,29)
