30 5
(0,0)1383384227(1,0)
(0,0)5661582(0,1)
(1,0)570423756(2,0)
(1,0)1770137176(1,1)
(2,0)169526560(3,0)
(2,0)156234893(2,1)
(3,0)1509729723(4,0)
(3,0)1359442192(3,1)
(4,0)123694397(5,0)
(4,0)346458711(4,1)
(5,0)454277223(6,0)
(5,0)1994049822(5,1)
(6,0)412149513(7,0)
(6,0)810241877(6,1)
(7,0)312174877(8,0)
(7,0)193489753(7,1)
(8,0)1030649537(9,0)
(8,0)861103245(8,1)
(9,0)1430436135(10,0)
(9,0)1149899335(9,1)
(10,0)2086600332(11,0)
(10,0)567816613(10,1)
(11,0)1548821566(12,0)
(11,0)244307723(11,1)
(12,0)1810823545(13,0)
(12,0)950513396(12,1)
(13,0)865906318(14,0)
(13,0)45973228(13,1)
(14,0)1029926733(15,0)
(14,0)2064615398(14,1)
(15,0)2070276980(16,0)
(15,0)35771912(15,1)
(16,0)1805909088(17,0)
(16,0)265827313(16,1)
(17,0)422062206(18,0)
(17,0)493217088(17,1)
(18,0)1852659281(19,0)
(18,0)1975435648(18,1)
(19,0)174410711(20,0)
(19,0)1931791929(19,1)
(20,0)1778358103(21,0)
(20,0)1976353678(20,1)
(21,0)639111908(22,0)
(21,0)628687934(21,1)
(22,0)822177687(23,0)
(22,0)43023969(22,1)
(23,0)904127214(24,0)
(23,0)951286785(23,1)
(24,0)2101186120(25,0)
(24,0)1852827225(24,1)
(25,0)273160190(26,0)
(25,0)187079701(25,1)
(26,0)431387425(27,0)
(26,0)2040302804(26,1)
(27,0)843332552(28,0)
(27,0)1821981756(27,1)
(28,0)1867954984(29,0)
(28,0)94727322(28,1)
(29,0)1709238870(29,1)
(0,1)750398070(1,1)
(0,1)11859073(0,2)
(1,1)2082136053(2,1)
(1,1)1745010782(1,2)
(2,1)1403436222(3,1)
(2,1)1016225383(2,2)
(3,1)1438287589(4,1)
(3,1)427869494(3,2)
(4,1)133045127(5,1)
(4,1)1231388223(4,2)
(5,1)1405798934(6,1)
(5,1)1222595870(5,2)
(6,1)853470326(7,1)
(6,1)2109398805(6,2)
(7,1)601027065(8,1)
(7,1)2034486869(7,2)
(8,1)709180908(9,1)
(8,1)896494295(8,2)
(9,1)1800621509(10,1)
(9,1)1552313850(9,2)
(10,1)1506016322(11,1)
(10,1)414524485(10,2)
(11,1)687684675(12,1)
(11,1)1987701211(11,2)
(12,1)271604988(13,1)
(12,1)1398835479(12,2)
(13,1)94684383(14,1)
(13,1)362182783(13,2)
(14,1)82654120(15,1)
(14,1)366332310(14,2)
(15,1)378191383(16,1)
(15,1)1803923254(15,2)
(16,1)1401450388(17,1)
(16,1)833052190(16,2)
(17,1)1849277573(18,1)
(17,1)312843789(17,2)
(18,1)740713283(19,1)
(18,1)657402963(18,2)
(19,1)1888791186(20,1)
(19,1)1140081514(19,2)
(20,1)215193736(21,1)
(20,1)873758410(20,2)
(21,1)835673567(22,1)
(21,1)1147106472(21,2)
(22,1)1034109693(23,1)
(22,1)1068664062(22,2)
(23,1)1965158357(24,1)
(23,1)1436700633(23,2)
(24,1)841530835(25,1)
(24,1)1743290602(24,2)
(25,1)10331439(26,1)
(25,1)1618296219(25,2)
(26,1)1458513782(27,1)
(26,1)200063510(26,2)
(27,1)1598898989(28,1)
(27,1)698016115(27,2)
(28,1)1060198898(29,1)
(28,1)1730118770(28,2)
(29,1)1693583372(29,2)
(0,2)1142853018(1,2)
(0,2)2096451080(0,3)
(1,2)327158816(2,2)
(1,2)1350022978(1,3)
(2,2)603989719(3,2)
(2,2)1975905208(2,3)
(3,2)1677699133(4,2)
(3,2)640002605(3,3)
(4,2)1380715888(5,2)
(4,2)1261392682(4,3)
(5,2)1002700220(6,2)
(5,2)670296999(5,3)
(6,2)885490736(7,2)
(6,2)106990650(6,3)
(7,2)942664217(8,2)
(7,2)2323044(7,3)
(8,2)1036432738(9,2)
(8,2)1954154798(8,3)
(9,2)1771829508(10,2)
(9,2)231881202(9,3)
(10,2)1073412038(11,2)
(10,2)632239692(10,3)
(11,2)642571131(12,2)
(11,2)1242642079(11,3)
(12,2)553672213(13,2)
(12,2)1273475548(12,3)
(13,2)724890889(14,2)
(13,2)1340587246(13,3)
(14,2)253302497(15,2)
(14,2)136307335(14,3)
(15,2)85274767(16,2)
(15,2)270990613(15,3)
(16,2)1621013592(17,2)
(16,2)1396155515(16,3)
(17,2)1224577076(18,2)
(17,2)412433583(17,3)
(18,2)1052436188(19,2)
(18,2)77519663(18,3)
(19,2)1338912345(20,2)
(19,2)754792561(19,3)
(20,2)1425089561(21,2)
(20,2)285668428(20,3)
(21,2)392659078(22,2)
(21,2)194128917(21,3)
(22,2)196451961(23,2)
(22,2)163096649(22,3)
(23,2)2117251447(24,2)
(23,2)1335323296(23,3)
(24,2)1567204498(25,2)
(24,2)1232884699(24,3)
(25,2)1865124391(26,2)
(25,2)1741597307(25,3)
(26,2)836755738(27,2)
(26,2)493132888(26,3)
(27,2)1766608436(28,2)
(27,2)360211875(27,3)
(28,2)1700799121(29,2)
(28,2)1390427951(28,3)
(29,2)344015677(29,3)
(0,3)1954101618(1,3)
(0,3)1526735286(0,4)
(1,3)1612010054(2,3)
(1,3)615006291(1,4)
(2,3)88536235(3,3)
(2,3)1202773486(2,4)
(3,3)279866914(4,3)
(3,3)2024443637(3,4)
(4,3)929396178(5,3)
(4,3)166055898(4,4)
(5,3)1504968243(6,3)
(5,3)1034659475(5,4)
(6,3)312265388(7,3)
(6,3)1215064606(6,4)
(7,3)1607723685(8,3)
(7,3)1699097160(7,4)
(8,3)1895549121(9,3)
(8,3)475362037(8,4)
(9,3)445129837(10,3)
(9,3)795563333(9,4)
(10,3)215284183(11,3)
(10,3)980950173(10,4)
(11,3)698590916(12,3)
(11,3)39243496(11,4)
(12,3)875999235(13,3)
(12,3)708417072(12,4)
(13,3)327541860(14,3)
(13,3)1058802791(13,4)
(14,3)612118265(15,3)
(14,3)118943538(14,4)
(15,3)1645678825(16,3)
(15,3)671557538(15,4)
(16,3)1286563829(17,3)
(16,3)418736235(16,4)
(17,3)1621509721(18,3)
(17,3)1110205231(17,4)
(18,3)987165220(19,3)
(18,3)1375100064(18,4)
(19,3)1541155962(20,3)
(19,3)1901376635(19,4)
(20,3)788552463(21,3)
(20,3)1916561398(20,4)
(21,3)984142357(22,3)
(21,3)898640557(21,4)
(22,3)450254069(23,3)
(22,3)1100817851(22,4)
(23,3)1576179889(24,3)
(23,3)444382394(23,4)
(24,3)1239945727(25,3)
(24,3)198319542(24,4)
(25,3)1179269715(26,3)
(25,3)2021309726(25,4)
(26,3)2060553222(27,3)
(26,3)1455229910(26,4)
(27,3)16163334(28,3)
(27,3)1877860632(27,4)
(28,3)789179775(29,3)
(28,3)789068809(28,4)
(29,3)343705195(29,4)
(0,4)908012348(1,4)
(1,4)1401298040(2,4)
(2,4)1015262733(3,4)
(3,4)406207525(4,4)
(4,4)1820034276(5,4)
(5,4)154342914(6,4)
(6,4)1516412756(7,4)
(7,4)1294060349(8,4)
(8,4)1529442978(9,4)
(9,4)356094328(10,4)
(10,4)1047953337(11,4)
(11,4)923115292(12,4)
(12,4)125172079(13,4)
(13,4)1836505800(14,4)
(14,4)1821755849(15,4)
(15,4)1109314436(16,4)
(16,4)789840003(17,4)
(17,4)124526270(18,4)
(18,4)1553696830(19,4)
(19,4)218536244(20,4)
(20,4)322845812(21,4)
(21,4)646158909(22,4)
(22,4)92362322(23,4)
(23,4)1502115528(24,4)
(24,4)2101388819(25,4)
(25,4)5431897(26,4)
(26,4)1232492512(27,4)
(27,4)2117552154(28,4)
(28,4)794500706(29,4)
