17 50
(0,0)1383384227(1,0)
(0,0)5661582(0,1)
(1,0)570423756(2,0)
(1,0)1770137176(1,1)
(2,0)169526560(3,0)
(2,0)156234893(2,1)
(3,0)1509729723(4,0)
(3,0)1359442192(3,1)
(4,0)123694397(5,0)
(4,0)346458711(4,1)
(5,0)454277223(6,0)
(5,0)1994049822(5,1)
(6,0)412149513(7,0)
(6,0)810241877(6,1)
(7,0)312174877(8,0)
(7,0)193489753(7,1)
(8,0)1030649537(9,0)
(8,0)861103245(8,1)
(9,0)1430436135(10,0)
(9,0)1149899335(9,1)
(10,0)2086600332(11,0)
(10,0)567816613(10,1)
(11,0)1548821566(12,0)
(11,0)244307723(11,1)
(12,0)1810823545(13,0)
(12,0)950513396(12,1)
(13,0)865906318(14,0)
(13,0)45973228(13,1)
(14,0)1029926733(15,0)
(14,0)2064615398(14,1)
(15,0)2070276980(16,0)
(15,0)35771912(15,1)
(16,0)265827313(16,1)
(0,1)493217088(1,1)
(0,1)1805909088(0,2)
(1,1)1975435648(2,1)
(1,1)422062206(1,2)
(2,1)1931791929(3,1)
(2,1)1852659281(2,2)
(3,1)1976353678(4,1)
(3,1)174410711(3,2)
(4,1)628687934(5,1)
(4,1)1778358103(4,2)
(5,1)43023969(6,1)
(5,1)639111908(5,2)
(6,1)951286785(7,1)
(6,1)822177687(6,2)
(7,1)1852827225(8,1)
(7,1)904127214(7,2)
(8,1)187079701(9,1)
(8,1)2101186120(8,2)
(9,1)2040302804(10,1)
(9,1)273160190(9,2)
(10,1)1821981756(11,1)
(10,1)431387425(10,2)
(11,1)94727322(12,1)
(11,1)843332552(11,2)
(12,1)1709238870(13,1)
(12,1)1867954984(12,2)
(13,1)750398070(14,1)
(13,1)11859073(13,2)
(14,1)2082136053(15,1)
(14,1)1745010782(14,2)
(15,1)1403436222(16,1)
(15,1)1016225383(15,2)
(16,1)427869494(16,2)
(0,2)1231388223(1,2)
(0,2)1438287589(0,3)
(1,2)1222595870(2,2)
(1,2)133045127(1,3)
(2,2)2109398805(3,2)
(2,2)1405798934(2,3)
(3,2)2034486869(4,2)
(3,2)853470326(3,3)
(4,2)896494295(5,2)
(4,2)601027065(4,3)
(5,2)1552313850(6,2)
(5,2)709180908(5,3)
(6,2)414524485(7,2)
(6,2)1800621509(6,3)
(7,2)1987701211(8,2)
(7,2)1506016322(7,3)
(8,2)1398835479(9,2)
(8,2)687684675(8,3)
(9,2)362182783(10,2)
(9,2)271604988(9,3)
(10,2)366332310(11,2)
(10,2)94684383(10,3)
(11,2)1803923254(12,2)
(11,2)82654120(11,3)
(12,2)833052190(13,2)
(12,2)378191383(12,3)
(13,2)312843789(14,2)
(13,2)1401450388(13,3)
(14,2)657402963(15,2)
(14,2)1849277573(14,3)
(15,2)1140081514(16,2)
(15,2)740713283(15,3)
(16,2)1888791186(16,3)
(0,3)215193736(1,3)
(0,3)873758410(0,4)
(1,3)835673567(2,3)
(1,3)1147106472(1,4)
(2,3)1034109693(3,3)
(2,3)1068664062(2,4)
(3,3)1965158357(4,3)
(3,3)1436700633(3,4)
(4,3)841530835(5,3)
(4,3)1743290602(4,4)
(5,3)10331439(6,3)
(5,3)1618296219(5,4)
(6,3)1458513782(7,3)
(6,3)200063510(6,4)
(7,3)1598898989(8,3)
(7,3)698016115(7,4)
(8,3)1060198898(9,3)
(8,3)1730118770(8,4)
(9,3)2096451080(10,3)
(9,3)1693583372(9,4)
(10,3)1350022978(11,3)
(10,3)1142853018(10,4)
(11,3)1975905208(12,3)
(11,3)327158816(11,4)
(12,3)640002605(13,3)
(12,3)603989719(12,4)
(13,3)1261392682(14,3)
(13,3)1677699133(13,4)
(14,3)670296999(15,3)
(14,3)1380715888(14,4)
(15,3)106990650(16,3)
(15,3)1002700220(15,4)
(16,3)885490736(16,4)
(0,4)942664217(1,4)
(0,4)2323044(0,5)
(1,4)1036432738(2,4)
(1,4)1954154798(1,5)
(2,4)1771829508(3,4)
(2,4)231881202(2,5)
(3,4)1073412038(4,4)
(3,4)632239692(3,5)
(4,4)642571131(5,4)
(4,4)1242642079(4,5)
(5,4)553672213(6,4)
(5,4)1273475548(5,5)
(6,4)724890889(7,4)
(6,4)1340587246(6,5)
(7,4)253302497(8,4)
(7,4)136307335(7,5)
(8,4)85274767(9,4)
(8,4)270990613(8,5)
(9,4)1621013592(10,4)
(9,4)1396155515(9,5)
(10,4)1224577076(11,4)
(10,4)412433583(10,5)
(11,4)1052436188(12,4)
(11,4)77519663(11,5)
(12,4)1338912345(13,4)
(12,4)754792561(12,5)
(13,4)1425089561(14,4)
(13,4)285668428(13,5)
(14,4)392659078(15,4)
(14,4)194128917(14,5)
(15,4)196451961(16,4)
(15,4)163096649(15,5)
(16,4)1335323296(16,5)
(0,5)1232884699(1,5)
(0,5)2117251447(0,6)
(1,5)1741597307(2,5)
(1,5)1567204498(1,6)
(2,5)493132888(3,5)
(2,5)1865124391(2,6)
(3,5)360211875(4,5)
(3,5)836755738(3,6)
(4,5)1390427951(5,5)
(4,5)1766608436(4,6)
(5,5)344015677(6,5)
(5,5)1700799121(5,6)
(6,5)1954101618(7,5)
(6,5)1526735286(6,6)
(7,5)1612010054(8,5)
(7,5)615006291(7,6)
(8,5)88536235(9,5)
(8,5)1202773486(8,6)
(9,5)279866914(10,5)
(9,5)2024443637(9,6)
(10,5)929396178(11,5)
(10,5)166055898(10,6)
(11,5)1504968243(12,5)
(11,5)1034659475(11,6)
(12,5)312265388(13,5)
(12,5)1215064606(12,6)
(13,5)1607723685(14,5)
(13,5)1699097160(13,6)
(14,5)1895549121(15,5)
(14,5)475362037(14,6)
(15,5)445129837(16,5)
(15,5)795563333(15,6)
(16,5)980950173(16,6)
(0,6)39243496(1,6)
(0,6)215284183(0,7)
(1,6)708417072(2,6)
(1,6)698590916(1,7)
(2,6)1058802791(3,6)
(2,6)875999235(2,7)
(3,6)118943538(4,6)
(3,6)327541860(3,7)
(4,6)671557538(5,6)
(4,6)612118265(4,7)
(5,6)418736235(6,6)
(5,6)1645678825(5,7)
(6,6)1110205231(7,6)
(6,6)1286563829(6,7)
(7,6)1375100064(8,6)
(7,6)1621509721(7,7)
(8,6)1901376635(9,6)
(8,6)987165220(8,7)
(9,6)1916561398(10,6)
(9,6)1541155962(9,7)
(10,6)898640557(11,6)
(10,6)788552463(10,7)
(11,6)1100817851(12,6)
(11,6)984142357(11,7)
(12,6)444382394(13,6)
(12,6)450254069(12,7)
(13,6)198319542(14,6)
(13,6)1576179889(13,7)
(14,6)2021309726(15,6)
(14,6)1239945727(14,7)
(15,6)1455229910(16,6)
(15,6)1179269715(15,7)
(16,6)2060553222(16,7)
(0,7)16163334(1,7)
(0,7)1877860632(0,8)
(1,7)789179775(2,7)
(1,7)789068809(1,8)
(2,7)908012348(3,7)
(2,7)343705195(2,8)
(3,7)1015262733(4,7)
(3,7)1401298040(3,8)
(4,7)1820034276(5,7)
(4,7)406207525(4,8)
(5,7)1516412756(6,7)
(5,7)154342914(5,8)
(6,7)1529442978(7,7)
(6,7)1294060349(6,8)
(7,7)1047953337(8,7)
(7,7)356094328(7,8)
(8,7)125172079(9,7)
(8,7)923115292(8,8)
(9,7)1821755849(10,7)
(9,7)1836505800(9,8)
(10,7)789840003(11,7)
(10,7)1109314436(10,8)
(11,7)1553696830(12,7)
(11,7)124526270(11,8)
(12,7)322845812(13,7)
(12,7)218536244(12,8)
(13,7)92362322(14,7)
(13,7)646158909(13,8)
(14,7)2101388819(15,7)
(14,7)1502115528(14,8)
(15,7)1232492512(16,7)
(15,7)5431897(15,8)
(16,7)2117552154(16,8)
(0,8)2021672287(1,8)
(0,8)794500706(0,9)
(1,8)1702513054(2,8)
(1,8)313773701(1,9)
(2,8)1329036434(3,8)
(2,8)1275486680(2,9)
(3,8)948037308(4,8)
(3,8)2108720579(3,9)
(4,8)1477649687(5,8)
(4,8)1483379348(4,9)
(5,8)865338678(6,8)
(5,8)94614009(5,9)
(6,8)1142567346(7,8)
(6,8)1833744016(6,9)
(7,8)1958916095(8,8)
(7,8)1788453970(7,9)
(8,8)1462726171(9,8)
(8,8)831589498(8,9)
(9,8)1621429502(10,8)
(9,8)920746883(9,9)
(10,8)326960065(11,8)
(10,8)1587252441(10,9)
(11,8)1910098253(12,8)
(11,8)1839965746(11,9)
(12,8)1932328069(13,8)
(12,8)973118974(12,9)
(13,8)927024145(14,8)
(13,8)1264730133(13,9)
(14,8)349738997(15,8)
(14,8)1937759966(14,9)
(15,8)584777024(16,8)
(15,8)897092651(15,9)
(16,8)223927637(16,9)
(0,9)139806431(1,9)
(0,9)1210866352(0,10)
(1,9)392419138(2,9)
(1,9)1499414317(1,10)
(2,9)299967977(3,9)
(2,9)101043362(2,10)
(3,9)1578693050(4,9)
(3,9)1875798486(3,10)
(4,9)593653516(5,9)
(4,9)394581986(4,10)
(5,9)1537149333(6,9)
(5,9)1264953418(5,10)
(6,9)1076385865(7,9)
(6,9)234623838(6,10)
(7,9)1697350009(8,9)
(7,9)221255183(7,10)
(8,9)1842684685(9,9)
(8,9)1997132748(8,10)
(9,9)176609165(10,9)
(9,9)1137118802(9,10)
(10,9)899733408(11,9)
(10,9)1535166784(10,10)
(11,9)1320011205(12,9)
(11,9)1149728139(11,10)
(12,9)2076752284(13,9)
(12,9)16979893(12,10)
(13,9)366718891(14,9)
(13,9)1110287523(13,10)
(14,9)1695064547(15,9)
(14,9)826361288(14,10)
(15,9)2037227640(16,9)
(15,9)590646528(15,10)
(16,9)1834870978(16,10)
(0,10)282163131(1,10)
(0,10)2090060845(0,11)
(1,10)242545174(2,10)
(1,10)1935914341(1,11)
(2,10)1367123743(3,10)
(2,10)10477969(2,11)
(3,10)604131486(4,10)
(3,10)637127160(3,11)
(4,10)26792845(5,10)
(4,10)484593513(4,11)
(5,10)1560979378(6,10)
(5,10)838755324(5,11)
(6,10)388621686(7,10)
(6,10)248048029(6,11)
(7,10)2090732714(8,10)
(7,10)1410628478(7,11)
(8,10)1587237643(9,10)
(8,10)1525740488(8,11)
(9,10)277990248(10,10)
(9,10)1478415850(9,11)
(10,10)650943407(11,10)
(10,10)589482134(10,11)
(11,10)518750770(12,10)
(11,10)294970142(11,11)
(12,10)661689033(13,10)
(12,10)1761230930(12,11)
(13,10)1308811830(14,10)
(13,10)1345112058(13,11)
(14,10)1234856051(15,10)
(14,10)1252335561(14,11)
(15,10)1194912758(16,10)
(15,10)996199160(15,11)
(16,10)1517019182(16,11)
(0,11)1437457932(1,11)
(0,11)784629853(0,12)
(1,11)4269948(2,11)
(1,11)1527497151(1,12)
(2,11)2131628637(3,11)
(2,11)2074585092(2,12)
(3,11)2101377938(4,11)
(3,11)488863461(3,12)
(4,11)2049842839(5,11)
(4,11)822900314(4,12)
(5,11)1211522000(6,11)
(5,11)201942319(5,12)
(6,11)145191385(7,11)
(6,11)1312987669(6,12)
(7,11)752741664(8,11)
(7,11)589778840(7,12)
(8,11)867769089(9,11)
(8,11)1623607236(8,12)
(9,11)127066995(10,11)
(9,11)1342223798(9,12)
(10,11)1860974569(11,11)
(10,11)1162739231(10,12)
(11,11)1824428264(12,11)
(11,11)1888297926(11,12)
(12,11)1049626108(13,11)
(12,11)1058602979(12,12)
(13,11)145975382(14,11)
(13,11)929280177(13,12)
(14,11)2124192935(15,11)
(14,11)2045825268(14,12)
(15,11)682971474(16,11)
(15,11)1662994564(15,12)
(16,11)1414167219(16,12)
(0,12)687241422(1,12)
(0,12)1043008068(0,13)
(1,12)1027153057(2,12)
(1,12)1341268663(1,13)
(2,12)1295162953(3,12)
(2,12)1176104884(2,13)
(3,12)1078464075(4,12)
(3,12)1850053371(3,13)
(4,12)914091723(5,12)
(4,12)1497105272(4,13)
(5,12)1642296658(6,12)
(5,12)243968097(5,13)
(6,12)996709761(7,12)
(6,12)1503870564(6,13)
(7,12)224156005(8,12)
(7,12)1118420246(7,13)
(8,12)1245487241(9,12)
(8,12)191449912(8,13)
(9,12)2052424481(10,12)
(9,12)1386895236(9,13)
(10,12)1063839852(11,12)
(10,12)986301519(10,13)
(11,12)2035927627(12,12)
(11,12)963543812(11,13)
(12,12)1109519195(13,12)
(12,12)1993120029(12,13)
(13,12)1969829316(14,12)
(13,12)1934269248(13,13)
(14,12)469757074(15,12)
(14,12)625030111(14,13)
(15,12)1668038179(16,12)
(15,12)1236512887(15,13)
(16,12)1156998496(16,13)
(0,13)547707589(1,13)
(0,13)430297902(0,14)
(1,13)1725460856(2,13)
(1,13)185619732(1,14)
(2,13)1264083808(3,13)
(2,13)250277312(2,14)
(3,13)1164369036(4,13)
(3,13)1075082480(3,14)
(4,13)569895490(5,13)
(4,13)1508051905(4,14)
(5,13)357278018(6,13)
(5,13)520755952(5,14)
(6,13)744911957(7,13)
(6,13)1688315736(6,14)
(7,13)786319330(8,13)
(7,13)548727930(7,14)
(8,13)453668763(9,13)
(8,13)2131807193(8,14)
(9,13)1048163397(10,13)
(9,13)1772620849(9,14)
(10,13)1661064829(11,13)
(10,13)1417212576(10,14)
(11,13)379248123(12,13)
(11,13)893799778(11,14)
(12,13)716145446(13,13)
(12,13)1447850429(12,14)
(13,13)1917607503(14,13)
(13,13)1004278234(13,14)
(14,13)524832766(15,13)
(14,13)1952658333(14,14)
(15,13)235472587(16,13)
(15,13)927122351(15,14)
(16,13)1072540355(16,14)
(0,14)1960933443(1,14)
(0,14)1112742084(0,15)
(1,14)229342244(2,14)
(1,14)1322817667(1,15)
(2,14)339703055(3,14)
(2,14)888532276(2,15)
(3,14)1458427766(4,14)
(3,14)1737394149(3,15)
(4,14)2094672167(5,14)
(4,14)860459007(4,15)
(5,14)1605370964(6,14)
(5,14)999259855(5,15)
(6,14)1785579185(7,14)
(6,14)495916450(6,15)
(7,14)949585213(8,14)
(7,14)1589694509(7,15)
(8,14)490374258(9,14)
(8,14)1410716386(8,15)
(9,14)924297567(10,14)
(9,14)219314141(9,15)
(10,14)598562264(11,14)
(10,14)1384174036(10,15)
(11,14)2100319482(12,14)
(11,14)224664348(11,15)
(12,14)2142271851(13,14)
(12,14)1602840499(12,15)
(13,14)2127673265(14,14)
(13,14)1905494167(13,15)
(14,14)2140966755(15,14)
(14,14)921910555(14,15)
(15,14)2034652639(16,14)
(15,14)1052729972(15,15)
(16,14)1954416550(16,15)
(0,15)116511235(1,15)
(0,15)228063991(0,16)
(1,15)567767047(2,15)
(1,15)695465178(1,16)
(2,15)6409297(3,15)
(2,15)1853905384(2,16)
(3,15)1801093903(4,15)
(3,15)1428226054(3,16)
(4,15)886113371(5,15)
(4,15)1005669152(4,16)
(5,15)643764689(6,15)
(5,15)149526705(5,16)
(6,15)1099111919(7,15)
(6,15)328324232(6,16)
(7,15)818698491(8,15)
(7,15)2054481075(7,16)
(8,15)831294995(9,15)
(8,15)1318426060(8,16)
(9,15)1916988325(10,15)
(9,15)55388879(9,16)
(10,15)8224714(11,15)
(10,15)1055959343(10,16)
(11,15)1050747547(12,15)
(11,15)1372345176(11,16)
(12,15)1352534793(13,15)
(12,15)1913718881(12,16)
(13,15)1907201988(14,15)
(13,15)1972658102(13,16)
(14,15)1859827093(15,15)
(14,15)257781117(14,16)
(15,15)485845108(16,15)
(15,15)1714134891(15,16)
(16,15)1976338328(16,16)
(0,16)1053612155(1,16)
(0,16)262116421(0,17)
(1,16)268525718(2,16)
(1,16)1682760064(1,17)
(2,16)1336370319(3,16)
(2,16)334354562(2,17)
(3,16)1220467933(4,16)
(3,16)1274194870(3,17)
(4,16)1917959559(5,16)
(4,16)1485897025(4,17)
(5,16)437525296(6,16)
(5,16)1548792165(5,17)
(6,16)220007008(7,16)
(6,16)1824956987(6,17)
(7,16)508768334(8,16)
(7,16)1755951356(7,17)
(8,16)1525456033(9,16)
(8,16)275395888(8,17)
(9,16)283620602(10,16)
(9,16)1564727677(9,17)
(10,16)467991576(11,16)
(10,16)750317561(10,17)
(11,16)2102852354(12,16)
(11,16)49855835(11,17)
(12,16)1957057824(13,16)
(12,16)293166030(12,17)
(13,16)5509475(14,16)
(13,16)213149823(13,17)
(14,16)698994932(15,16)
(14,16)1523709067(14,17)
(15,16)1785825488(16,16)
(15,16)1981847803(15,17)
(16,16)1752607087(16,17)
(0,17)2054351207(1,17)
(0,17)1517124219(0,18)
(1,17)706010891(2,17)
(1,17)2086961649(1,18)
(2,17)1159945934(3,17)
(2,17)1181062429(2,18)
(3,17)951538341(4,17)
(3,17)44424268(3,18)
(4,17)481949564(5,17)
(4,17)561254452(4,18)
(5,17)781261460(6,17)
(5,17)629011680(5,18)
(6,17)1137780014(7,17)
(6,17)90417272(6,18)
(7,17)1615873306(8,17)
(7,17)1056657348(7,18)
(8,17)1340277950(9,17)
(8,17)555024043(8,18)
(9,17)1023015620(10,17)
(9,17)218707219(9,18)
(10,17)174075926(11,17)
(10,17)1390133786(10,18)
(11,17)1199707962(12,17)
(11,17)1316181650(11,18)
(12,17)1321691126(13,17)
(12,17)387225749(12,18)
(13,17)1086220681(14,17)
(13,17)575933381(13,18)
(14,17)214275221(15,17)
(14,17)1156055281(14,18)
(15,17)525695853(16,17)
(15,17)691344121(15,18)
(16,17)121142780(16,18)
(0,18)1231706744(1,18)
(0,18)630822122(0,19)
(1,18)1790768057(2,18)
(1,18)1302205210(1,19)
(2,18)106259903(3,18)
(2,18)1276131012(2,19)
(3,18)1758080576(4,18)
(3,18)204538861(3,19)
(4,18)985800321(5,18)
(4,18)735271583(4,19)
(5,18)1873051597(6,18)
(5,18)1848497848(5,19)
(6,18)1316887506(7,18)
(6,18)2042457670(6,19)
(7,18)1235251972(8,18)
(7,18)280591992(7,19)
(8,18)1303607612(9,18)
(8,18)1535594726(8,19)
(9,18)1709670652(10,18)
(9,18)477902110(9,19)
(10,18)1677610072(11,18)
(10,18)472305615(10,19)
(11,18)1793996741(12,18)
(11,18)2096896401(11,19)
(12,18)1035633435(13,18)
(12,18)106059805(12,19)
(13,18)320335027(14,18)
(13,18)802568374(13,19)
(14,18)1328264227(15,18)
(14,18)1726977556(14,19)
(15,18)210316030(16,18)
(15,18)441477807(15,19)
(16,18)412487323(16,19)
(0,19)2001084087(1,19)
(0,19)1743683017(0,20)
(1,19)1849942920(2,19)
(1,19)1688618335(1,20)
(2,19)1299215263(3,19)
(2,19)58139300(2,20)
(3,19)1043939622(4,19)
(3,19)437730855(3,20)
(4,19)163298804(5,19)
(4,19)1000229464(4,20)
(5,19)169633322(6,19)
(5,19)938913644(5,20)
(6,19)26681968(7,19)
(6,19)443890797(6,20)
(7,19)1747498409(8,19)
(7,19)1705228048(7,20)
(8,19)1267415052(9,19)
(8,19)504584079(8,20)
(9,19)34710503(10,19)
(9,19)72320376(9,20)
(10,19)1866317117(11,19)
(10,19)1216827806(10,20)
(11,19)104977593(12,19)
(11,19)140770309(11,20)
(12,19)461105336(13,19)
(12,19)521401844(12,20)
(13,19)1849666071(14,19)
(13,19)1831955149(13,20)
(14,19)2042271179(15,19)
(14,19)902583143(14,20)
(15,19)498782513(16,19)
(15,19)114669747(15,20)
(16,19)1895871619(16,20)
(0,20)201241785(1,20)
(0,20)1803288082(0,21)
(1,20)955019698(2,20)
(1,20)1954010919(1,21)
(2,20)850466893(3,20)
(2,20)638972641(2,21)
(3,20)802271445(4,20)
(3,20)1955249162(3,21)
(4,20)2124882484(5,20)
(4,20)1789380537(4,21)
(5,20)1816062506(6,20)
(5,20)1246162242(5,21)
(6,20)846177004(7,20)
(6,20)1682626885(6,21)
(7,20)802558289(8,20)
(7,20)173162937(7,21)
(8,20)207873440(9,20)
(8,20)918497380(8,21)
(9,20)637330850(10,20)
(9,20)2019386095(9,21)
(10,20)2124363688(11,20)
(10,20)348643749(10,21)
(11,20)809749085(12,20)
(11,20)1158732694(11,21)
(12,20)860915117(13,20)
(12,20)1808835189(12,21)
(13,20)1703622721(14,20)
(13,20)1712332229(13,21)
(14,20)63631094(15,20)
(14,20)975584864(14,21)
(15,20)631389299(16,20)
(15,20)1452010692(15,21)
(16,20)264872879(16,21)
(0,21)1586408997(1,21)
(0,21)1258537963(0,22)
(1,21)2109004857(2,21)
(1,21)903845520(1,22)
(2,21)1706116966(3,21)
(2,21)1394174511(2,22)
(3,21)1371573347(4,21)
(3,21)1750901746(3,22)
(4,21)1419480604(5,21)
(4,21)804795560(4,22)
(5,21)1650972564(6,21)
(5,21)906716584(5,22)
(6,21)1709274874(7,21)
(6,21)1592643541(6,22)
(7,21)1800516982(8,21)
(7,21)421986297(7,22)
(8,21)1059317147(9,21)
(8,21)1581177321(8,22)
(9,21)1558057362(10,21)
(9,21)1677083(9,22)
(10,21)811426169(11,21)
(10,21)70566193(10,22)
(11,21)931481310(12,21)
(11,21)1219408903(11,22)
(12,21)775547976(13,21)
(12,21)376274750(12,22)
(13,21)439905844(14,21)
(13,21)1907066175(13,22)
(14,21)390971826(15,21)
(14,21)80075020(14,22)
(15,21)1338612984(16,21)
(15,21)704778723(15,22)
(16,21)1977380823(16,22)
(0,22)1300134193(1,22)
(0,22)1608624244(0,23)
(1,22)1167257562(2,22)
(1,22)1224071686(1,23)
(2,22)448161385(3,22)
(2,22)903552291(2,23)
(3,22)175549248(4,22)
(3,22)1972053122(3,23)
(4,22)1475542039(5,22)
(4,22)1354877970(4,23)
(5,22)916669196(6,22)
(5,22)1768192789(5,23)
(6,22)1421226123(7,22)
(6,22)1897528336(6,23)
(7,22)809361835(8,22)
(7,22)350362869(7,23)
(8,22)1908420231(9,22)
(8,22)1422903207(8,23)
(9,22)86845728(10,22)
(9,22)879928028(9,23)
(10,22)1811409338(11,22)
(10,22)980345487(10,23)
(11,22)1755893463(12,22)
(11,22)463120478(11,23)
(12,22)903026322(13,22)
(12,22)1570991865(12,23)
(13,22)1961963691(14,22)
(13,22)1835968484(13,23)
(14,22)1027097820(15,22)
(14,22)1607805045(14,23)
(15,22)1068945641(16,22)
(15,22)1791860866(15,23)
(16,22)179748365(16,23)
(0,23)88719555(1,23)
(0,23)868448904(0,24)
(1,23)1316610290(2,23)
(1,23)1083300656(1,24)
(2,23)1258849904(3,23)
(2,23)2060772678(2,24)
(3,23)1388831069(4,23)
(3,23)524004612(3,24)
(4,23)1440673808(5,23)
(4,23)879559046(4,24)
(5,23)153301521(6,23)
(5,23)1138875757(5,24)
(6,23)1948237592(7,23)
(6,23)1791036677(6,24)
(7,23)1551973261(8,23)
(7,23)1576204728(7,24)
(8,23)1663050456(9,23)
(8,23)680681972(8,24)
(9,23)344607662(10,23)
(9,23)384835100(9,24)
(10,23)2140728563(11,23)
(10,23)2126170934(10,24)
(11,23)881713608(12,23)
(11,23)1915599528(11,24)
(12,23)1730079571(13,23)
(12,23)1829213399(12,24)
(13,23)708827571(14,23)
(13,23)342035006(13,24)
(14,23)1410980647(15,23)
(14,23)1374456790(14,24)
(15,23)95422046(16,23)
(15,23)888575936(15,24)
(16,23)1499700203(16,24)
(0,24)1412032336(1,24)
(0,24)1971876593(0,25)
(1,24)1083242849(2,24)
(1,24)1412989233(1,25)
(2,24)654336654(3,24)
(2,24)1936036948(2,25)
(3,24)1229227108(4,24)
(3,24)1962801895(3,25)
(4,24)2116103417(5,24)
(4,24)1793212411(4,25)
(5,24)1593966355(6,24)
(5,24)872780138(5,25)
(6,24)277269751(7,24)
(6,24)1544824497(6,25)
(7,24)1060391306(8,24)
(7,24)127164679(7,25)
(8,24)471772341(9,24)
(8,24)662104851(8,25)
(9,24)655349766(10,24)
(9,24)1039078592(9,25)
(10,24)1920792201(11,24)
(10,24)239888221(10,25)
(11,24)1969967793(12,24)
(11,24)337079518(11,25)
(12,24)1045907089(13,24)
(12,24)115343559(12,25)
(13,24)1526324206(14,24)
(13,24)1196940935(13,25)
(14,24)1292362981(15,24)
(14,24)1934483026(14,25)
(15,24)1758875971(16,24)
(15,24)878540761(15,25)
(16,24)556911670(16,25)
(0,25)694635172(1,25)
(0,25)144046346(0,26)
(1,25)798383000(2,25)
(1,25)345464970(1,26)
(2,25)1574692079(3,25)
(2,25)509953420(2,26)
(3,25)478573189(4,25)
(3,25)444111763(3,26)
(4,25)2038078118(5,25)
(4,25)299988569(4,26)
(5,25)577258320(6,25)
(5,25)2023397686(5,26)
(6,25)936305344(7,25)
(6,25)17759149(6,26)
(7,25)489531491(8,25)
(7,25)1239363171(7,26)
(8,25)1894712937(9,25)
(8,25)1975383937(8,26)
(9,25)1748692490(10,25)
(9,25)729419712(9,26)
(10,25)551903857(11,25)
(10,25)84308807(10,26)
(11,25)1130215897(12,25)
(11,25)1864036049(11,26)
(12,25)1242876607(13,25)
(12,25)1748844792(12,26)
(13,25)893724126(14,25)
(13,25)917215275(13,26)
(14,25)528607598(15,25)
(14,25)2121417369(14,26)
(15,25)117980067(16,25)
(15,25)1450635796(15,26)
(16,25)1223242770(16,26)
(0,26)916363068(1,26)
(0,26)1796100766(0,27)
(1,26)1223309197(2,26)
(1,26)1733196190(1,27)
(2,26)64285731(3,26)
(2,26)1360474831(2,27)
(3,26)1251069302(4,26)
(3,26)1523297766(3,27)
(4,26)2100556086(5,26)
(4,26)2087683418(4,27)
(5,26)876505114(6,26)
(5,26)1268828451(5,27)
(6,26)1758359942(7,26)
(6,26)1192435609(6,27)
(7,26)939664899(8,26)
(7,26)704405403(7,27)
(8,26)305614245(9,26)
(8,26)340296007(8,27)
(9,26)892199864(10,26)
(9,26)1023973706(9,27)
(10,26)6705955(11,26)
(10,26)22166646(10,27)
(11,26)1265043254(12,26)
(11,26)493561009(11,27)
(12,26)1387285135(13,26)
(12,26)923921230(12,27)
(13,26)1452528828(14,26)
(13,26)1238976975(13,27)
(14,26)1356957042(15,26)
(14,26)690437283(14,27)
(15,26)339054401(16,26)
(15,26)528287951(15,27)
(16,26)125836462(16,27)
(0,27)1562363599(1,27)
(0,27)114000493(0,28)
(1,27)178286225(2,27)
(1,27)1486311294(1,28)
(2,27)589896948(3,27)
(2,27)938177717(2,28)
(3,27)891250156(4,27)
(3,27)118485995(3,28)
(4,27)994991109(5,27)
(4,27)1858725399(4,28)
(5,27)1469601694(6,27)
(5,27)2083685765(5,28)
(6,27)875867016(7,27)
(6,27)1699396513(6,28)
(7,27)2005010758(8,27)
(7,27)1809897701(7,28)
(8,27)554613917(9,27)
(8,27)1899840723(8,28)
(9,27)1906546678(10,27)
(9,27)2027177405(9,28)
(10,27)1144737011(11,27)
(10,27)1048174926(10,28)
(11,27)287976413(12,27)
(11,27)682984261(11,28)
(12,27)2135513089(13,27)
(12,27)236230338(12,28)
(13,27)1593187380(14,27)
(13,27)978413696(13,28)
(14,27)1317468098(15,27)
(14,27)516317392(14,28)
(15,27)630317886(16,27)
(15,27)1719023843(15,28)
(16,27)732348049(16,28)
(0,28)808604111(1,28)
(0,28)1057851489(0,29)
(1,28)1647748437(2,28)
(1,28)1670525766(1,29)
(2,28)414292274(3,28)
(2,28)927090106(2,29)
(3,28)1922081215(4,28)
(3,28)1358990188(3,29)
(4,28)681108234(5,28)
(4,28)350494392(4,29)
(5,28)1226361408(6,28)
(5,28)1473994080(5,29)
(6,28)1331521191(7,28)
(6,28)343522287(6,29)
(7,28)898136205(8,28)
(7,28)978718483(7,29)
(8,28)737781514(9,28)
(8,28)1211214948(8,29)
(9,28)208468311(10,28)
(9,28)1946311131(9,29)
(10,28)86803897(11,28)
(10,28)1420765775(10,29)
(11,28)1408795216(12,28)
(11,28)444698649(11,29)
(12,28)2037886029(13,28)
(12,28)1065217593(12,29)
(13,28)235202043(14,28)
(13,28)1925112609(13,29)
(14,28)407946847(15,28)
(14,28)1609426224(14,29)
(15,28)519794065(16,28)
(15,28)967550092(15,29)
(16,28)1216550958(16,29)
(0,29)20058854(1,29)
(0,29)490592211(0,30)
(1,29)904884485(2,29)
(1,29)2143641064(1,30)
(2,29)1918238631(3,29)
(2,29)1379049043(2,30)
(3,29)2060157277(4,29)
(3,29)1255378877(3,30)
(4,29)334256638(5,29)
(4,29)1244749064(4,30)
(5,29)428786607(6,29)
(5,29)256195917(5,30)
(6,29)1154332122(7,29)
(6,29)1312975121(6,30)
(7,29)2050756635(8,29)
(7,29)1640001555(7,30)
(8,29)1848469866(9,29)
(8,29)953159605(8,30)
(9,29)1039963502(10,29)
(9,29)1324038762(9,30)
(10,29)585350331(11,29)
(10,29)145684867(10,30)
(11,29)36087248(12,29)
(11,29)2105181096(11,30)
(12,29)192899491(13,29)
(12,29)362979292(12,30)
(13,29)770926139(14,29)
(13,29)1645513473(13,30)
(14,29)17823890(15,29)
(14,29)1160449584(14,30)
(15,29)1651041795(16,29)
(15,29)1987477097(15,30)
(16,29)37882745(16,30)
(0,30)408442632(1,30)
(0,30)1983634513(0,31)
(1,30)1754389496(2,30)
(1,30)1416931788(1,31)
(2,30)1329605417(3,30)
(2,30)1663821510(2,31)
(3,30)1998078148(4,30)
(3,30)851654912(3,31)
(4,30)1280441519(5,30)
(4,30)1585801334(4,31)
(5,30)592649808(6,30)
(5,30)1163569621(5,31)
(6,30)1066842609(7,30)
(6,30)772959426(6,31)
(7,30)473945644(8,30)
(7,30)1545809414(7,31)
(8,30)438289268(9,30)
(8,30)243397723(8,31)
(9,30)828748054(10,30)
(9,30)619630511(9,31)
(10,30)655717760(11,30)
(10,30)395986716(10,31)
(11,30)588886208(12,30)
(11,30)1191727346(11,31)
(12,30)1962653485(13,30)
(12,30)153747585(12,31)
(13,30)171571475(14,30)
(13,30)1749335792(13,31)
(14,30)1252893939(15,30)
(14,30)1802646934(14,31)
(15,30)1638797799(16,30)
(15,30)209454220(15,31)
(16,30)1661336571(16,31)
(0,31)1245703648(1,31)
(0,31)1626386008(0,32)
(1,31)808507778(2,31)
(1,31)1177674433(1,32)
(2,31)1028268933(3,31)
(2,31)2097358560(2,32)
(3,31)1230316432(4,31)
(3,31)246825464(3,32)
(4,31)839475273(5,31)
(4,31)44354907(4,32)
(5,31)1111197516(6,31)
(5,31)2003275858(5,32)
(6,31)329737855(7,31)
(6,31)237801039(6,32)
(7,31)676090307(8,31)
(7,31)1354595239(7,32)
(8,31)35859646(9,31)
(8,31)949368366(8,32)
(9,31)1605086126(10,31)
(9,31)1072077024(9,32)
(10,31)1660963232(11,31)
(10,31)1227586992(10,32)
(11,31)1042756830(12,31)
(11,31)1758833711(11,32)
(12,31)1930405187(13,31)
(12,31)1262815376(12,32)
(13,31)368225667(14,31)
(13,31)697920116(13,32)
(14,31)189234268(15,31)
(14,31)2139859407(14,32)
(15,31)1618761768(16,31)
(15,31)2029562238(15,32)
(16,31)1434937916(16,32)
(0,32)279785898(1,32)
(0,32)1059753024(0,33)
(1,32)2088021957(2,32)
(1,32)1384812828(1,33)
(2,32)467645612(3,32)
(2,32)526611362(2,33)
(3,32)1366086635(4,32)
(3,32)2132376864(3,33)
(4,32)1096090732(5,32)
(4,32)323437823(4,33)
(5,32)653175678(6,32)
(5,32)1603887674(5,33)
(6,32)132494334(7,32)
(6,32)303202324(6,33)
(7,32)339061970(8,32)
(7,32)1602544044(7,33)
(8,32)1060146523(9,32)
(8,32)1204571358(8,33)
(9,32)718050942(10,32)
(9,32)1566648962(9,33)
(10,32)461922144(11,32)
(10,32)671496586(10,33)
(11,32)454418125(12,32)
(11,32)1980866318(11,33)
(12,32)201608337(13,32)
(12,32)1159842261(12,33)
(13,32)1349076529(14,32)
(13,32)446793885(13,33)
(14,32)2065555653(15,32)
(14,32)83686927(14,33)
(15,32)1143439951(16,32)
(15,32)636530797(15,33)
(16,32)197857903(16,33)
(0,33)1083978261(1,33)
(0,33)2021343625(0,34)
(1,33)341505590(2,33)
(1,33)724469265(1,34)
(2,33)2090555901(3,33)
(2,33)1068871477(2,34)
(3,33)17478562(4,33)
(3,33)664943413(3,34)
(4,33)1318119091(5,33)
(4,33)1546959927(4,34)
(5,33)1679454261(6,33)
(5,33)320680886(5,34)
(6,33)659742856(7,33)
(6,33)773179487(6,34)
(7,33)1833326010(8,33)
(7,33)736541971(7,34)
(8,33)1454592913(9,33)
(8,33)78908170(8,34)
(9,33)540830315(10,33)
(9,33)357338949(9,34)
(10,33)811757074(11,33)
(10,33)1287975583(10,34)
(11,33)1489583920(12,33)
(11,33)1700672576(11,34)
(12,33)902265457(13,33)
(12,33)1258550959(12,34)
(13,33)1176622964(14,33)
(13,33)1573270848(13,34)
(14,33)569227151(15,33)
(14,33)1538796254(14,34)
(15,33)1412656231(16,33)
(15,33)1374480867(15,34)
(16,33)1653205412(16,34)
(0,34)1754161821(1,34)
(0,34)2098950133(0,35)
(1,34)2042022386(2,34)
(1,34)574593242(1,35)
(2,34)592071804(3,34)
(2,34)271621586(2,35)
(3,34)1589740677(4,34)
(3,34)1441498665(3,35)
(4,34)973469279(5,34)
(4,34)912752690(4,35)
(5,34)1572495546(6,34)
(5,34)215436517(5,35)
(6,34)2048762527(7,34)
(6,34)1710011250(6,35)
(7,34)1017120516(8,34)
(7,34)1651403716(7,35)
(8,34)44750383(9,34)
(8,34)258617828(8,35)
(9,34)1070374903(10,34)
(9,34)157612451(9,35)
(10,34)1647196372(11,34)
(10,34)1745422959(10,35)
(11,34)500204768(12,34)
(11,34)181442214(11,35)
(12,34)1358065179(13,34)
(12,34)1072983572(12,35)
(13,34)1642210723(14,34)
(13,34)2039001022(13,35)
(14,34)1304173606(15,34)
(14,34)585062398(14,35)
(15,34)536528883(16,34)
(15,34)1147932488(15,35)
(16,34)910851779(16,35)
(0,35)431067621(1,35)
(0,35)1722525730(0,36)
(1,35)167113886(2,35)
(1,35)1182473366(1,36)
(2,35)624730395(3,35)
(2,35)1872566287(2,36)
(3,35)698551918(4,35)
(3,35)1079866576(3,36)
(4,35)504878474(5,35)
(4,35)840166912(4,36)
(5,35)741445792(6,35)
(5,35)261079520(5,36)
(6,35)1278200036(7,35)
(6,35)8798542(6,36)
(7,35)53548926(8,35)
(7,35)1000063620(7,36)
(8,35)2070438523(9,35)
(8,35)1435812488(8,36)
(9,35)935525212(10,35)
(9,35)1798971885(9,36)
(10,35)151693006(11,35)
(10,35)104397090(10,36)
(11,35)1462462269(12,35)
(11,35)2008508784(11,36)
(12,35)1503235859(13,35)
(12,35)43210380(12,36)
(13,35)1347383986(14,35)
(13,35)2047524667(13,36)
(14,35)436569903(15,35)
(14,35)503684699(14,36)
(15,35)78726781(16,35)
(15,35)110752118(15,36)
(16,35)867637524(16,36)
(0,36)245840667(1,36)
(0,36)1293225484(0,37)
(1,36)1917955879(2,36)
(1,36)592720163(1,37)
(2,36)1291272081(3,36)
(2,36)1325707243(2,37)
(3,36)1830585717(4,36)
(3,36)610639144(3,37)
(4,36)1352084936(5,36)
(4,36)1552351602(4,37)
(5,36)683067990(6,36)
(5,36)1839384260(5,37)
(6,36)1892933186(7,36)
(6,36)204664908(6,37)
(7,36)127619784(8,36)
(7,36)2118880478(7,37)
(8,36)906922042(9,36)
(8,36)1544421423(8,37)
(9,36)1696114429(10,36)
(9,36)232016874(9,37)
(10,36)1694479143(11,36)
(10,36)767947178(10,37)
(11,36)123699390(12,36)
(11,36)1739324810(11,37)
(12,36)939225148(13,36)
(12,36)1594520162(12,37)
(13,36)2031090065(14,36)
(13,36)627384089(13,37)
(14,36)706110871(15,36)
(14,36)1049977266(14,37)
(15,36)195719102(16,36)
(15,36)751243942(15,37)
(16,36)951951538(16,37)
(0,37)2113674982(1,37)
(0,37)1343964105(0,38)
(1,37)487752539(2,37)
(1,37)130175134(1,38)
(2,37)1960760851(3,37)
(2,37)576830478(2,38)
(3,37)1928915414(4,37)
(3,37)2040104141(3,38)
(4,37)575688483(5,37)
(4,37)1652661463(4,38)
(5,37)1398111001(6,37)
(5,37)2133580322(5,38)
(6,37)113716458(7,37)
(6,37)547085314(6,38)
(7,37)1454007356(8,37)
(7,37)795048777(7,38)
(8,37)343679558(9,37)
(8,37)345733332(8,38)
(9,37)2040212475(10,37)
(9,37)74470887(9,38)
(10,37)198170277(11,37)
(10,37)2083004368(10,38)
(11,37)874745869(12,37)
(11,37)1487248990(11,38)
(12,37)1370855407(13,37)
(12,37)825554366(12,38)
(13,37)1531665237(14,37)
(13,37)1924723135(13,38)
(14,37)2120442238(15,37)
(14,37)2122099349(14,38)
(15,37)1318579807(16,37)
(15,37)336133128(15,38)
(16,37)2086633572(16,38)
(0,38)1806332346(1,38)
(0,38)466308262(0,39)
(1,38)279585465(2,38)
(1,38)515980402(1,39)
(2,38)297412168(3,38)
(2,38)1698952839(2,39)
(3,38)127157674(4,38)
(3,38)1932246929(3,39)
(4,38)1182874282(5,38)
(4,38)283508842(4,39)
(5,38)397225301(6,38)
(5,38)674242988(5,39)
(6,38)2128250345(7,38)
(6,38)1977923059(6,39)
(7,38)174118970(8,38)
(7,38)742958633(7,39)
(8,38)635687461(9,38)
(8,38)55237584(8,39)
(9,38)253407861(10,38)
(9,38)109639690(9,39)
(10,38)984385559(11,38)
(10,38)2122936451(10,39)
(11,38)1346308210(12,38)
(11,38)1078962227(11,39)
(12,38)463143817(13,38)
(12,38)761625047(12,39)
(13,38)734583637(14,38)
(13,38)1320923912(13,39)
(14,38)492020071(15,38)
(14,38)799276945(14,39)
(15,38)1265585207(16,38)
(15,38)673733561(15,39)
(16,38)150868769(16,39)
(0,39)1545170672(1,39)
(0,39)1189713963(0,40)
(1,39)1487126131(2,39)
(1,39)1849821608(1,40)
(2,39)1976979282(3,39)
(2,39)1329933953(2,40)
(3,39)365324588(4,39)
(3,39)1770634973(3,40)
(4,39)20376626(5,39)
(4,39)503738623(4,40)
(5,39)484505320(6,39)
(5,39)195763999(5,40)
(6,39)369882969(7,39)
(6,39)763335260(6,40)
(7,39)1399022721(8,39)
(7,39)539742904(7,40)
(8,39)793150765(9,39)
(8,39)479522660(8,40)
(9,39)1463908219(10,39)
(9,39)1374475524(9,40)
(10,39)573300086(11,39)
(10,39)1872112992(10,40)
(11,39)187773161(12,39)
(11,39)78049618(11,40)
(12,39)812633255(13,39)
(12,39)1894223998(12,40)
(13,39)238760421(14,39)
(13,39)987050106(13,40)
(14,39)105151665(15,39)
(14,39)1486366816(14,40)
(15,39)528597131(16,39)
(15,39)389629190(15,40)
(16,39)1650322338(16,40)
(0,40)2015723262(1,40)
(0,40)91967150(0,41)
(1,40)2068946433(2,40)
(1,40)832772643(1,41)
(2,40)1198097231(3,40)
(2,40)1638874588(2,41)
(3,40)1659251214(4,40)
(3,40)425201408(3,41)
(4,40)909706728(5,40)
(4,40)1393861231(4,41)
(5,40)1763744200(6,40)
(5,40)275102826(5,41)
(6,40)1674125547(7,40)
(6,40)1449449632(6,41)
(7,40)95116749(8,40)
(7,40)95783212(7,41)
(8,40)1559691432(9,40)
(8,40)901117423(8,41)
(9,40)1474417510(10,40)
(9,40)1967229741(9,41)
(10,40)7519255(11,40)
(10,40)1637741050(10,41)
(11,40)302890658(12,40)
(11,40)1221157860(11,41)
(12,40)1459918282(13,40)
(12,40)994569361(12,41)
(13,40)1099721027(14,40)
(13,40)1789257474(13,41)
(14,40)170370958(15,40)
(14,40)1849547472(14,41)
(15,40)1941514623(16,40)
(15,40)602559717(15,41)
(16,40)38610572(16,41)
(0,41)1862977408(1,41)
(0,41)1435332360(0,42)
(1,41)485945944(2,41)
(1,41)1677485160(1,42)
(2,41)1189252727(3,41)
(2,41)140695168(2,42)
(3,41)1050401896(4,41)
(3,41)1879807175(3,42)
(4,41)1496067727(5,41)
(4,41)1464355553(4,42)
(5,41)990997453(6,41)
(5,41)352367880(5,42)
(6,41)447484629(7,41)
(6,41)1591850940(6,42)
(7,41)1004058724(8,41)
(7,41)1892114876(7,42)
(8,41)1219048738(9,41)
(8,41)267230722(8,42)
(9,41)274749977(10,41)
(9,41)494316126(9,42)
(10,41)797206784(11,41)
(10,41)292722951(10,42)
(11,41)1752641233(12,41)
(11,41)1269319339(11,42)
(12,41)221556718(13,41)
(12,41)438980611(12,42)
(13,41)609351569(14,41)
(13,41)1454705057(13,42)
(14,41)1248736032(15,41)
(14,41)824116435(14,42)
(15,41)111965147(16,41)
(15,41)647962141(15,42)
(16,41)964229792(16,42)
(0,42)597911091(1,42)
(0,42)177963654(0,43)
(1,42)1367216381(2,42)
(1,42)1104924960(1,43)
(2,42)7843208(3,42)
(2,42)330234618(2,43)
(3,42)1826302346(4,42)
(3,42)684088286(3,43)
(4,42)1675085739(5,42)
(4,42)360211088(4,43)
(5,42)807695717(6,42)
(5,42)1270669638(5,43)
(6,42)127244714(7,42)
(6,42)1419716968(6,43)
(7,42)491282058(8,42)
(7,42)1074926440(7,43)
(8,42)1349676417(9,42)
(8,42)621560840(8,43)
(9,42)1418767625(10,42)
(9,42)784005009(9,43)
(10,42)389162594(11,42)
(10,42)471512108(10,43)
(11,42)693068826(12,42)
(11,42)1857748236(11,43)
(12,42)319616157(13,42)
(12,42)1843867652(12,43)
(13,42)945120036(14,42)
(13,42)1517185261(13,43)
(14,42)1629150409(15,42)
(14,42)967578298(14,43)
(15,42)1145541952(16,42)
(15,42)1909349829(15,43)
(16,42)79577852(16,43)
(0,43)365274685(1,43)
(0,43)866791141(0,44)
(1,43)874634350(2,43)
(1,43)409812471(1,44)
(2,43)88631169(3,43)
(2,43)1049362972(2,44)
(3,43)576965063(4,43)
(3,43)1234845438(3,44)
(4,43)2042541156(5,43)
(4,43)1359300807(4,44)
(5,43)1486545521(6,43)
(5,43)1996682031(5,44)
(6,43)340480442(7,43)
(6,43)969983948(6,44)
(7,43)172176717(8,43)
(7,43)2108106361(7,44)
(8,43)1379390338(9,43)
(8,43)1124485451(8,44)
(9,43)1513648046(10,43)
(9,43)643688826(9,44)
(10,43)1336757652(11,43)
(10,43)1089654926(10,44)
(11,43)1409271083(12,43)
(11,43)1210032050(11,44)
(12,43)7668438(13,43)
(12,43)706459266(12,44)
(13,43)188126027(14,43)
(13,43)229365734(13,44)
(14,43)1374907686(15,43)
(14,43)1917018267(14,44)
(15,43)636325761(16,43)
(15,43)267703879(15,44)
(16,43)1740182372(16,44)
(0,44)1510960111(1,44)
(0,44)677516350(0,45)
(1,44)766147519(2,44)
(1,44)642061696(1,45)
(2,44)1219026759(3,44)
(2,44)598321901(2,45)
(3,44)493379409(4,44)
(3,44)2125448326(3,45)
(4,44)1464510199(5,44)
(4,44)1068225143(4,45)
(5,44)1408705585(6,44)
(5,44)1463363357(5,45)
(6,44)1635540075(7,44)
(6,44)1425132913(6,45)
(7,44)657039603(8,44)
(7,44)385707388(7,45)
(8,44)1899355434(9,44)
(8,44)131745253(8,45)
(9,44)1468502905(10,44)
(9,44)1746694530(9,45)
(10,44)1008481965(11,44)
(10,44)961903836(10,45)
(11,44)969572275(12,44)
(11,44)27478523(11,45)
(12,44)215604550(13,44)
(12,44)1237847699(12,45)
(13,44)465271738(14,44)
(13,44)739106894(13,45)
(14,44)1375432655(15,44)
(14,44)483308430(14,45)
(15,44)1160824780(16,44)
(15,44)57970462(15,45)
(16,44)738909118(16,45)
(0,45)1926972300(1,45)
(0,45)700032158(0,46)
(1,45)1919058917(2,45)
(1,45)1337231020(1,46)
(2,45)1830610429(3,45)
(2,45)1904936978(2,46)
(3,45)1221963530(4,45)
(3,45)839800412(3,46)
(4,45)101022349(5,45)
(4,45)1146490139(4,46)
(5,45)634546566(6,45)
(5,45)499612795(5,46)
(6,45)1156652398(7,45)
(6,45)486729738(6,46)
(7,45)238601524(8,45)
(7,45)766291819(7,46)
(8,45)87311076(9,45)
(8,45)755863280(8,46)
(9,45)1764345246(10,45)
(9,45)1200505361(9,46)
(10,45)22593988(11,45)
(10,45)114789600(10,46)
(11,45)330394150(12,45)
(11,45)854709297(11,46)
(12,45)1319981035(13,45)
(12,45)761700882(12,46)
(13,45)2137133538(14,45)
(13,45)813702580(13,46)
(14,45)1974527361(15,45)
(14,45)1377951497(14,46)
(15,45)2077983655(16,45)
(15,45)728559008(15,46)
(16,45)1754016013(16,46)
(0,46)1849558925(1,46)
(0,46)2065790028(0,47)
(1,46)1748916810(2,46)
(1,46)1511469343(1,47)
(2,46)585949225(3,46)
(2,46)541875689(2,47)
(3,46)642898039(4,46)
(3,46)747923301(3,47)
(4,46)1382469867(5,46)
(4,46)1085562020(4,47)
(5,46)94730771(6,46)
(5,46)1129627777(5,47)
(6,46)1368229301(7,46)
(6,46)1278038(6,47)
(7,46)88589114(8,46)
(7,46)850594051(7,47)
(8,46)467455649(9,46)
(8,46)421251014(8,47)
(9,46)443845002(10,46)
(9,46)203378714(9,47)
(10,46)533772865(11,46)
(10,46)1322164947(10,47)
(11,46)494662334(12,46)
(11,46)1205545885(11,47)
(12,46)1195195775(13,46)
(12,46)1347475445(12,47)
(13,46)1174519158(14,46)
(13,46)1872613832(13,47)
(14,46)1803113839(15,46)
(14,46)1923754783(14,47)
(15,46)1842061164(16,46)
(15,46)781051523(15,47)
(16,46)1505189116(16,47)
(0,47)1443494326(1,47)
(0,47)145037219(0,48)
(1,47)730986444(2,47)
(1,47)2047064806(1,48)
(2,47)542479197(3,47)
(2,47)43933979(2,48)
(3,47)1426403846(4,47)
(3,47)1816548465(3,48)
(4,47)1911279236(5,47)
(4,47)1672106974(4,48)
(5,47)892852627(6,47)
(5,47)1427681884(5,48)
(6,47)1516270998(7,47)
(6,47)614389639(6,48)
(7,47)1081845289(8,47)
(7,47)1314103642(7,48)
(8,47)1757948644(9,47)
(8,47)1719649713(8,48)
(9,47)105938930(10,47)
(9,47)256526588(9,48)
(10,47)751188922(11,47)
(10,47)816010881(10,48)
(11,47)2011206656(12,47)
(11,47)1453414375(11,48)
(12,47)480449886(13,47)
(12,47)476319106(12,48)
(13,47)131949298(14,47)
(13,47)1787477792(13,48)
(14,47)1482055308(15,47)
(14,47)1261501409(14,48)
(15,47)1406538628(16,47)
(15,47)1637138414(15,48)
(16,47)778065986(16,48)
(0,48)2137525073(1,48)
(0,48)1536719572(0,49)
(1,48)2079198769(2,48)
(1,48)821999965(1,49)
(2,48)100920163(3,48)
(2,48)1806589890(2,49)
(3,48)1570385478(4,48)
(3,48)1603822095(3,49)
(4,48)349191075(5,48)
(4,48)1528602047(4,49)
(5,48)897389397(6,48)
(5,48)37291469(5,49)
(6,48)1119136758(7,48)
(6,48)1663294717(6,49)
(7,48)1273759713(8,48)
(7,48)469555462(7,49)
(8,48)575494392(9,48)
(8,48)1375663346(8,49)
(9,48)2126852269(10,48)
(9,48)2089770595(9,49)
(10,48)1953493603(11,48)
(10,48)2028908768(10,49)
(11,48)361875006(12,48)
(11,48)455687727(11,49)
(12,48)587637025(13,48)
(12,48)1593487747(12,49)
(13,48)928059407(14,48)
(13,48)1623376415(13,49)
(14,48)882431396(15,48)
(14,48)77291792(14,49)
(15,48)1614011364(16,48)
(15,48)1706125393(15,49)
(16,48)872472821(16,49)
(0,49)380641710(1,49)
(1,49)1545726486(2,49)
(2,49)531579063(3,49)
(3,49)481561873(4,49)
(4,49)1002064933(5,49)
(5,49)2101964541(6,49)
(6,49)2010163920(7,49)
(7,49)1351256008(8,49)
(8,49)2139256010(9,49)
(9,49)760069670(10,49)
(10,49)867067077(11,49)
(11,49)1110909121(12,49)
(12,49)1229625132(13,49)
(13,49)2140826791(14,49)
(14,49)339088819(15,49)
(15,49)1805119525(16,49)
