30 37
(0,0)1383384227(1,0)
(0,0)5661582(0,1)
(1,0)570423756(2,0)
(1,0)1770137176(1,1)
(2,0)169526560(3,0)
(2,0)156234893(2,1)
(3,0)1509729723(4,0)
(3,0)1359442192(3,1)
(4,0)123694397(5,0)
(4,0)346458711(4,1)
(5,0)454277223(6,0)
(5,0)1994049822(5,1)
(6,0)412149513(7,0)
(6,0)810241877(6,1)
(7,0)312174877(8,0)
(7,0)193489753(7,1)
(8,0)1030649537(9,0)
(8,0)861103245(8,1)
(9,0)1430436135(10,0)
(9,0)1149899335(9,1)
(10,0)2086600332(11,0)
(10,0)567816613(10,1)
(11,0)1548821566(12,0)
(11,0)244307723(11,1)
(12,0)1810823545(13,0)
(12,0)950513396(12,1)
(13,0)865906318(14,0)
(13,0)45973228(13,1)
(14,0)1029926733(15,0)
(14,0)2064615398(14,1)
(15,0)2070276980(16,0)
(15,0)35771912(15,1)
(16,0)1805909088(17,0)
(16,0)265827313(16,1)
(17,0)422062206(18,0)
(17,0)493217088(17,1)
(18,0)1852659281(19,0)
(18,0)1975435648(18,1)
(19,0)174410711(20,0)
(19,0)1931791929(19,1)
(20,0)1778358103(21,0)
(20,0)1976353678(20,1)
(21,0)639111908(22,0)
(21,0)628687934(21,1)
(22,0)822177687(23,0)
(22,0)43023969(22,1)
(23,0)904127214(24,0)
(23,0)951286785(23,1)
(24,0)2101186120(25,0)
(24,0)1852827225(24,1)
(25,0)273160190(26,0)
(25,0)187079701(25,1)
(26,0)431387425(27,0)
(26,0)2040302804(26,1)
(27,0)843332552(28,0)
(27,0)1821981756(27,1)
(28,0)1867954984(29,0)
(28,0)94727322(28,1)
(29,0)1709238870(29,1)
(0,1)750398070(1,1)
(0,1)11859073(0,2)
(1,1)2082136053(2,1)
(1,1)1745010782(1,2)
(2,1)1403436222(3,1)
(2,1)1016225383(2,2)
(3,1)1438287589(4,1)
(3,1)427869494(3,2)
(4,1)133045127(5,1)
(4,1)1231388223(4,2)
(5,1)1405798934(6,1)
(5,1)1222595870(5,2)
(6,1)853470326(7,1)
(6,1)2109398805(6,2)
(7,1)601027065(8,1)
(7,1)2034486869(7,2)
(8,1)709180908(9,1)
(8,1)896494295(8,2)
(9,1)1800621509(10,1)
(9,1)1552313850(9,2)
(10,1)1506016322(11,1)
(10,1)414524485(10,2)
(11,1)687684675(12,1)
(11,1)1987701211(11,2)
(12,1)271604988(13,1)
(12,1)1398835479(12,2)
(13,1)94684383(14,1)
(13,1)362182783(13,2)
(14,1)82654120(15,1)
(14,1)366332310(14,2)
(15,1)378191383(16,1)
(15,1)1803923254(15,2)
(16,1)1401450388(17,1)
(16,1)833052190(16,2)
(17,1)1849277573(18,1)
(17,1)312843789(17,2)
(18,1)740713283(19,1)
(18,1)657402963(18,2)
(19,1)1888791186(20,1)
(19,1)1140081514(19,2)
(20,1)215193736(21,1)
(20,1)873758410(20,2)
(21,1)835673567(22,1)
(21,1)1147106472(21,2)
(22,1)1034109693(23,1)
(22,1)1068664062(22,2)
(23,1)1965158357(24,1)
(23,1)1436700633(23,2)
(24,1)841530835(25,1)
(24,1)1743290602(24,2)
(25,1)10331439(26,1)
(25,1)1618296219(25,2)
(26,1)1458513782(27,1)
(26,1)200063510(26,2)
(27,1)1598898989(28,1)
(27,1)698016115(27,2)
(28,1)1060198898(29,1)
(28,1)1730118770(28,2)
(29,1)1693583372(29,2)
(0,2)1142853018(1,2)
(0,2)2096451080(0,3)
(1,2)327158816(2,2)
(1,2)1350022978(1,3)
(2,2)603989719(3,2)
(2,2)1975905208(2,3)
(3,2)1677699133(4,2)
(3,2)640002605(3,3)
(4,2)1380715888(5,2)
(4,2)1261392682(4,3)
(5,2)1002700220(6,2)
(5,2)670296999(5,3)
(6,2)885490736(7,2)
(6,2)106990650(6,3)
(7,2)942664217(8,2)
(7,2)2323044(7,3)
(8,2)1036432738(9,2)
(8,2)1954154798(8,3)
(9,2)1771829508(10,2)
(9,2)231881202(9,3)
(10,2)1073412038(11,2)
(10,2)632239692(10,3)
(11,2)642571131(12,2)
(11,2)1242642079(11,3)
(12,2)553672213(13,2)
(12,2)1273475548(12,3)
(13,2)724890889(14,2)
(13,2)1340587246(13,3)
(14,2)253302497(15,2)
(14,2)136307335(14,3)
(15,2)85274767(16,2)
(15,2)270990613(15,3)
(16,2)1621013592(17,2)
(16,2)1396155515(16,3)
(17,2)1224577076(18,2)
(17,2)412433583(17,3)
(18,2)1052436188(19,2)
(18,2)77519663(18,3)
(19,2)1338912345(20,2)
(19,2)754792561(19,3)
(20,2)1425089561(21,2)
(20,2)285668428(20,3)
(21,2)392659078(22,2)
(21,2)194128917(21,3)
(22,2)196451961(23,2)
(22,2)163096649(22,3)
(23,2)2117251447(24,2)
(23,2)1335323296(23,3)
(24,2)1567204498(25,2)
(24,2)1232884699(24,3)
(25,2)1865124391(26,2)
(25,2)1741597307(25,3)
(26,2)836755738(27,2)
(26,2)493132888(26,3)
(27,2)1766608436(28,2)
(27,2)360211875(27,3)
(28,2)1700799121(29,2)
(28,2)1390427951(28,3)
(29,2)344015677(29,3)
(0,3)1954101618(1,3)
(0,3)1526735286(0,4)
(1,3)1612010054(2,3)
(1,3)615006291(1,4)
(2,3)88536235(3,3)
(2,3)1202773486(2,4)
(3,3)279866914(4,3)
(3,3)2024443637(3,4)
(4,3)929396178(5,3)
(4,3)166055898(4,4)
(5,3)1504968243(6,3)
(5,3)1034659475(5,4)
(6,3)312265388(7,3)
(6,3)1215064606(6,4)
(7,3)1607723685(8,3)
(7,3)1699097160(7,4)
(8,3)1895549121(9,3)
(8,3)475362037(8,4)
(9,3)445129837(10,3)
(9,3)795563333(9,4)
(10,3)215284183(11,3)
(10,3)980950173(10,4)
(11,3)698590916(12,3)
(11,3)39243496(11,4)
(12,3)875999235(13,3)
(12,3)708417072(12,4)
(13,3)327541860(14,3)
(13,3)1058802791(13,4)
(14,3)612118265(15,3)
(14,3)118943538(14,4)
(15,3)1645678825(16,3)
(15,3)671557538(15,4)
(16,3)1286563829(17,3)
(16,3)418736235(16,4)
(17,3)1621509721(18,3)
(17,3)1110205231(17,4)
(18,3)987165220(19,3)
(18,3)1375100064(18,4)
(19,3)1541155962(20,3)
(19,3)1901376635(19,4)
(20,3)788552463(21,3)
(20,3)1916561398(20,4)
(21,3)984142357(22,3)
(21,3)898640557(21,4)
(22,3)450254069(23,3)
(22,3)1100817851(22,4)
(23,3)1576179889(24,3)
(23,3)444382394(23,4)
(24,3)1239945727(25,3)
(24,3)198319542(24,4)
(25,3)1179269715(26,3)
(25,3)2021309726(25,4)
(26,3)2060553222(27,3)
(26,3)1455229910(26,4)
(27,3)16163334(28,3)
(27,3)1877860632(27,4)
(28,3)789179775(29,3)
(28,3)789068809(28,4)
(29,3)343705195(29,4)
(0,4)1401298040(1,4)
(0,4)908012348(0,5)
(1,4)406207525(2,4)
(1,4)1015262733(1,5)
(2,4)154342914(3,4)
(2,4)1820034276(2,5)
(3,4)1294060349(4,4)
(3,4)1516412756(3,5)
(4,4)356094328(5,4)
(4,4)1529442978(4,5)
(5,4)923115292(6,4)
(5,4)1047953337(5,5)
(6,4)1836505800(7,4)
(6,4)125172079(6,5)
(7,4)1109314436(8,4)
(7,4)1821755849(7,5)
(8,4)124526270(9,4)
(8,4)789840003(8,5)
(9,4)218536244(10,4)
(9,4)1553696830(9,5)
(10,4)646158909(11,4)
(10,4)322845812(10,5)
(11,4)1502115528(12,4)
(11,4)92362322(11,5)
(12,4)5431897(13,4)
(12,4)2101388819(12,5)
(13,4)2117552154(14,4)
(13,4)1232492512(13,5)
(14,4)2021672287(15,4)
(14,4)794500706(14,5)
(15,4)1702513054(16,4)
(15,4)313773701(15,5)
(16,4)1329036434(17,4)
(16,4)1275486680(16,5)
(17,4)948037308(18,4)
(17,4)2108720579(17,5)
(18,4)1477649687(19,4)
(18,4)1483379348(18,5)
(19,4)865338678(20,4)
(19,4)94614009(19,5)
(20,4)1142567346(21,4)
(20,4)1833744016(20,5)
(21,4)1958916095(22,4)
(21,4)1788453970(21,5)
(22,4)1462726171(23,4)
(22,4)831589498(22,5)
(23,4)1621429502(24,4)
(23,4)920746883(23,5)
(24,4)326960065(25,4)
(24,4)1587252441(24,5)
(25,4)1910098253(26,4)
(25,4)1839965746(25,5)
(26,4)1932328069(27,4)
(26,4)973118974(26,5)
(27,4)927024145(28,4)
(27,4)1264730133(27,5)
(28,4)349738997(29,4)
(28,4)1937759966(28,5)
(29,4)897092651(29,5)
(0,5)223927637(1,5)
(0,5)584777024(0,6)
(1,5)139806431(2,5)
(1,5)1210866352(1,6)
(2,5)392419138(3,5)
(2,5)1499414317(2,6)
(3,5)299967977(4,5)
(3,5)101043362(3,6)
(4,5)1578693050(5,5)
(4,5)1875798486(4,6)
(5,5)593653516(6,5)
(5,5)394581986(5,6)
(6,5)1537149333(7,5)
(6,5)1264953418(6,6)
(7,5)1076385865(8,5)
(7,5)234623838(7,6)
(8,5)1697350009(9,5)
(8,5)221255183(8,6)
(9,5)1842684685(10,5)
(9,5)1997132748(9,6)
(10,5)176609165(11,5)
(10,5)1137118802(10,6)
(11,5)899733408(12,5)
(11,5)1535166784(11,6)
(12,5)1320011205(13,5)
(12,5)1149728139(12,6)
(13,5)2076752284(14,5)
(13,5)16979893(13,6)
(14,5)366718891(15,5)
(14,5)1110287523(14,6)
(15,5)1695064547(16,5)
(15,5)826361288(15,6)
(16,5)2037227640(17,5)
(16,5)590646528(16,6)
(17,5)2090060845(18,5)
(17,5)1834870978(17,6)
(18,5)1935914341(19,5)
(18,5)282163131(18,6)
(19,5)10477969(20,5)
(19,5)242545174(19,6)
(20,5)637127160(21,5)
(20,5)1367123743(20,6)
(21,5)484593513(22,5)
(21,5)604131486(21,6)
(22,5)838755324(23,5)
(22,5)26792845(22,6)
(23,5)248048029(24,5)
(23,5)1560979378(23,6)
(24,5)1410628478(25,5)
(24,5)388621686(24,6)
(25,5)1525740488(26,5)
(25,5)2090732714(25,6)
(26,5)1478415850(27,5)
(26,5)1587237643(26,6)
(27,5)589482134(28,5)
(27,5)277990248(27,6)
(28,5)294970142(29,5)
(28,5)650943407(28,6)
(29,5)518750770(29,6)
(0,6)661689033(1,6)
(0,6)1761230930(0,7)
(1,6)1308811830(2,6)
(1,6)1345112058(1,7)
(2,6)1234856051(3,6)
(2,6)1252335561(2,7)
(3,6)1194912758(4,6)
(3,6)996199160(3,7)
(4,6)784629853(5,6)
(4,6)1517019182(4,7)
(5,6)1527497151(6,6)
(5,6)1437457932(5,7)
(6,6)2074585092(7,6)
(6,6)4269948(6,7)
(7,6)488863461(8,6)
(7,6)2131628637(7,7)
(8,6)822900314(9,6)
(8,6)2101377938(8,7)
(9,6)201942319(10,6)
(9,6)2049842839(9,7)
(10,6)1312987669(11,6)
(10,6)1211522000(10,7)
(11,6)589778840(12,6)
(11,6)145191385(11,7)
(12,6)1623607236(13,6)
(12,6)752741664(12,7)
(13,6)1342223798(14,6)
(13,6)867769089(13,7)
(14,6)1162739231(15,6)
(14,6)127066995(14,7)
(15,6)1888297926(16,6)
(15,6)1860974569(15,7)
(16,6)1058602979(17,6)
(16,6)1824428264(16,7)
(17,6)929280177(18,6)
(17,6)1049626108(17,7)
(18,6)2045825268(19,6)
(18,6)145975382(18,7)
(19,6)1662994564(20,6)
(19,6)2124192935(19,7)
(20,6)1414167219(21,6)
(20,6)682971474(20,7)
(21,6)687241422(22,6)
(21,6)1043008068(21,7)
(22,6)1027153057(23,6)
(22,6)1341268663(22,7)
(23,6)1295162953(24,6)
(23,6)1176104884(23,7)
(24,6)1078464075(25,6)
(24,6)1850053371(24,7)
(25,6)914091723(26,6)
(25,6)1497105272(25,7)
(26,6)1642296658(27,6)
(26,6)243968097(26,7)
(27,6)996709761(28,6)
(27,6)1503870564(27,7)
(28,6)224156005(29,6)
(28,6)1118420246(28,7)
(29,6)191449912(29,7)
(0,7)1386895236(1,7)
(0,7)1245487241(0,8)
(1,7)986301519(2,7)
(1,7)2052424481(1,8)
(2,7)963543812(3,7)
(2,7)1063839852(2,8)
(3,7)1993120029(4,7)
(3,7)2035927627(3,8)
(4,7)1934269248(5,7)
(4,7)1109519195(4,8)
(5,7)625030111(6,7)
(5,7)1969829316(5,8)
(6,7)1236512887(7,7)
(6,7)469757074(6,8)
(7,7)1156998496(8,7)
(7,7)1668038179(7,8)
(8,7)547707589(9,7)
(8,7)430297902(8,8)
(9,7)1725460856(10,7)
(9,7)185619732(9,8)
(10,7)1264083808(11,7)
(10,7)250277312(10,8)
(11,7)1164369036(12,7)
(11,7)1075082480(11,8)
(12,7)569895490(13,7)
(12,7)1508051905(12,8)
(13,7)357278018(14,7)
(13,7)520755952(13,8)
(14,7)744911957(15,7)
(14,7)1688315736(14,8)
(15,7)786319330(16,7)
(15,7)548727930(15,8)
(16,7)453668763(17,7)
(16,7)2131807193(16,8)
(17,7)1048163397(18,7)
(17,7)1772620849(17,8)
(18,7)1661064829(19,7)
(18,7)1417212576(18,8)
(19,7)379248123(20,7)
(19,7)893799778(19,8)
(20,7)716145446(21,7)
(20,7)1447850429(20,8)
(21,7)1917607503(22,7)
(21,7)1004278234(21,8)
(22,7)524832766(23,7)
(22,7)1952658333(22,8)
(23,7)235472587(24,7)
(23,7)927122351(23,8)
(24,7)1112742084(25,7)
(24,7)1072540355(24,8)
(25,7)1322817667(26,7)
(25,7)1960933443(25,8)
(26,7)888532276(27,7)
(26,7)229342244(26,8)
(27,7)1737394149(28,7)
(27,7)339703055(27,8)
(28,7)860459007(29,7)
(28,7)1458427766(28,8)
(29,7)2094672167(29,8)
(0,8)1605370964(1,8)
(0,8)999259855(0,9)
(1,8)1785579185(2,8)
(1,8)495916450(1,9)
(2,8)949585213(3,8)
(2,8)1589694509(2,9)
(3,8)490374258(4,8)
(3,8)1410716386(3,9)
(4,8)924297567(5,8)
(4,8)219314141(4,9)
(5,8)598562264(6,8)
(5,8)1384174036(5,9)
(6,8)2100319482(7,8)
(6,8)224664348(6,9)
(7,8)2142271851(8,8)
(7,8)1602840499(7,9)
(8,8)2127673265(9,8)
(8,8)1905494167(8,9)
(9,8)2140966755(10,8)
(9,8)921910555(9,9)
(10,8)2034652639(11,8)
(10,8)1052729972(10,9)
(11,8)228063991(12,8)
(11,8)1954416550(11,9)
(12,8)695465178(13,8)
(12,8)116511235(12,9)
(13,8)1853905384(14,8)
(13,8)567767047(13,9)
(14,8)1428226054(15,8)
(14,8)6409297(14,9)
(15,8)1005669152(16,8)
(15,8)1801093903(15,9)
(16,8)149526705(17,8)
(16,8)886113371(16,9)
(17,8)328324232(18,8)
(17,8)643764689(17,9)
(18,8)2054481075(19,8)
(18,8)1099111919(18,9)
(19,8)1318426060(20,8)
(19,8)818698491(19,9)
(20,8)55388879(21,8)
(20,8)831294995(20,9)
(21,8)1055959343(22,8)
(21,8)1916988325(21,9)
(22,8)1372345176(23,8)
(22,8)8224714(22,9)
(23,8)1913718881(24,8)
(23,8)1050747547(23,9)
(24,8)1972658102(25,8)
(24,8)1352534793(24,9)
(25,8)257781117(26,8)
(25,8)1907201988(25,9)
(26,8)1714134891(27,8)
(26,8)1859827093(26,9)
(27,8)1976338328(28,8)
(27,8)485845108(27,9)
(28,8)1053612155(29,8)
(28,8)262116421(28,9)
(29,8)1682760064(29,9)
(0,9)334354562(1,9)
(0,9)268525718(0,10)
(1,9)1274194870(2,9)
(1,9)1336370319(1,10)
(2,9)1485897025(3,9)
(2,9)1220467933(2,10)
(3,9)1548792165(4,9)
(3,9)1917959559(3,10)
(4,9)1824956987(5,9)
(4,9)437525296(4,10)
(5,9)1755951356(6,9)
(5,9)220007008(5,10)
(6,9)275395888(7,9)
(6,9)508768334(6,10)
(7,9)1564727677(8,9)
(7,9)1525456033(7,10)
(8,9)750317561(9,9)
(8,9)283620602(8,10)
(9,9)49855835(10,9)
(9,9)467991576(9,10)
(10,9)293166030(11,9)
(10,9)2102852354(10,10)
(11,9)213149823(12,9)
(11,9)1957057824(11,10)
(12,9)1523709067(13,9)
(12,9)5509475(12,10)
(13,9)1981847803(14,9)
(13,9)698994932(13,10)
(14,9)1752607087(15,9)
(14,9)1785825488(14,10)
(15,9)2054351207(16,9)
(15,9)1517124219(15,10)
(16,9)706010891(17,9)
(16,9)2086961649(16,10)
(17,9)1159945934(18,9)
(17,9)1181062429(17,10)
(18,9)951538341(19,9)
(18,9)44424268(18,10)
(19,9)481949564(20,9)
(19,9)561254452(19,10)
(20,9)781261460(21,9)
(20,9)629011680(20,10)
(21,9)1137780014(22,9)
(21,9)90417272(21,10)
(22,9)1615873306(23,9)
(22,9)1056657348(22,10)
(23,9)1340277950(24,9)
(23,9)555024043(23,10)
(24,9)1023015620(25,9)
(24,9)218707219(24,10)
(25,9)174075926(26,9)
(25,9)1390133786(25,10)
(26,9)1199707962(27,9)
(26,9)1316181650(26,10)
(27,9)1321691126(28,9)
(27,9)387225749(27,10)
(28,9)1086220681(29,9)
(28,9)575933381(28,10)
(29,9)1156055281(29,10)
(0,10)691344121(1,10)
(0,10)214275221(0,11)
(1,10)121142780(2,10)
(1,10)525695853(1,11)
(2,10)1231706744(3,10)
(2,10)630822122(2,11)
(3,10)1790768057(4,10)
(3,10)1302205210(3,11)
(4,10)106259903(5,10)
(4,10)1276131012(4,11)
(5,10)1758080576(6,10)
(5,10)204538861(5,11)
(6,10)985800321(7,10)
(6,10)735271583(6,11)
(7,10)1873051597(8,10)
(7,10)1848497848(7,11)
(8,10)1316887506(9,10)
(8,10)2042457670(8,11)
(9,10)1235251972(10,10)
(9,10)280591992(9,11)
(10,10)1303607612(11,10)
(10,10)1535594726(10,11)
(11,10)1709670652(12,10)
(11,10)477902110(11,11)
(12,10)1677610072(13,10)
(12,10)472305615(12,11)
(13,10)1793996741(14,10)
(13,10)2096896401(13,11)
(14,10)1035633435(15,10)
(14,10)106059805(14,11)
(15,10)320335027(16,10)
(15,10)802568374(15,11)
(16,10)1328264227(17,10)
(16,10)1726977556(16,11)
(17,10)210316030(18,10)
(17,10)441477807(17,11)
(18,10)1743683017(19,10)
(18,10)412487323(18,11)
(19,10)1688618335(20,10)
(19,10)2001084087(19,11)
(20,10)58139300(21,10)
(20,10)1849942920(20,11)
(21,10)437730855(22,10)
(21,10)1299215263(21,11)
(22,10)1000229464(23,10)
(22,10)1043939622(22,11)
(23,10)938913644(24,10)
(23,10)163298804(23,11)
(24,10)443890797(25,10)
(24,10)169633322(24,11)
(25,10)1705228048(26,10)
(25,10)26681968(25,11)
(26,10)504584079(27,10)
(26,10)1747498409(26,11)
(27,10)72320376(28,10)
(27,10)1267415052(27,11)
(28,10)1216827806(29,10)
(28,10)34710503(28,11)
(29,10)1866317117(29,11)
(0,11)104977593(1,11)
(0,11)140770309(0,12)
(1,11)461105336(2,11)
(1,11)521401844(1,12)
(2,11)1849666071(3,11)
(2,11)1831955149(2,12)
(3,11)2042271179(4,11)
(3,11)902583143(3,12)
(4,11)498782513(5,11)
(4,11)114669747(4,12)
(5,11)1803288082(6,11)
(5,11)1895871619(5,12)
(6,11)1954010919(7,11)
(6,11)201241785(6,12)
(7,11)638972641(8,11)
(7,11)955019698(7,12)
(8,11)1955249162(9,11)
(8,11)850466893(8,12)
(9,11)1789380537(10,11)
(9,11)802271445(9,12)
(10,11)1246162242(11,11)
(10,11)2124882484(10,12)
(11,11)1682626885(12,11)
(11,11)1816062506(11,12)
(12,11)173162937(13,11)
(12,11)846177004(12,12)
(13,11)918497380(14,11)
(13,11)802558289(13,12)
(14,11)2019386095(15,11)
(14,11)207873440(14,12)
(15,11)348643749(16,11)
(15,11)637330850(15,12)
(16,11)1158732694(17,11)
(16,11)2124363688(16,12)
(17,11)1808835189(18,11)
(17,11)809749085(17,12)
(18,11)1712332229(19,11)
(18,11)860915117(18,12)
(19,11)975584864(20,11)
(19,11)1703622721(19,12)
(20,11)1452010692(21,11)
(20,11)63631094(20,12)
(21,11)264872879(22,11)
(21,11)631389299(21,12)
(22,11)1586408997(23,11)
(22,11)1258537963(22,12)
(23,11)2109004857(24,11)
(23,11)903845520(23,12)
(24,11)1706116966(25,11)
(24,11)1394174511(24,12)
(25,11)1371573347(26,11)
(25,11)1750901746(25,12)
(26,11)1419480604(27,11)
(26,11)804795560(26,12)
(27,11)1650972564(28,11)
(27,11)906716584(27,12)
(28,11)1709274874(29,11)
(28,11)1592643541(28,12)
(29,11)421986297(29,12)
(0,12)1581177321(1,12)
(0,12)1800516982(0,13)
(1,12)1677083(2,12)
(1,12)1059317147(1,13)
(2,12)70566193(3,12)
(2,12)1558057362(2,13)
(3,12)1219408903(4,12)
(3,12)811426169(3,13)
(4,12)376274750(5,12)
(4,12)931481310(4,13)
(5,12)1907066175(6,12)
(5,12)775547976(5,13)
(6,12)80075020(7,12)
(6,12)439905844(6,13)
(7,12)704778723(8,12)
(7,12)390971826(7,13)
(8,12)1977380823(9,12)
(8,12)1338612984(8,13)
(9,12)1300134193(10,12)
(9,12)1608624244(9,13)
(10,12)1167257562(11,12)
(10,12)1224071686(10,13)
(11,12)448161385(12,12)
(11,12)903552291(11,13)
(12,12)175549248(13,12)
(12,12)1972053122(12,13)
(13,12)1475542039(14,12)
(13,12)1354877970(13,13)
(14,12)916669196(15,12)
(14,12)1768192789(14,13)
(15,12)1421226123(16,12)
(15,12)1897528336(15,13)
(16,12)809361835(17,12)
(16,12)350362869(16,13)
(17,12)1908420231(18,12)
(17,12)1422903207(17,13)
(18,12)86845728(19,12)
(18,12)879928028(18,13)
(19,12)1811409338(20,12)
(19,12)980345487(19,13)
(20,12)1755893463(21,12)
(20,12)463120478(20,13)
(21,12)903026322(22,12)
(21,12)1570991865(21,13)
(22,12)1961963691(23,12)
(22,12)1835968484(22,13)
(23,12)1027097820(24,12)
(23,12)1607805045(23,13)
(24,12)1068945641(25,12)
(24,12)1791860866(24,13)
(25,12)868448904(26,12)
(25,12)179748365(25,13)
(26,12)1083300656(27,12)
(26,12)88719555(26,13)
(27,12)2060772678(28,12)
(27,12)1316610290(27,13)
(28,12)524004612(29,12)
(28,12)1258849904(28,13)
(29,12)1388831069(29,13)
(0,13)1440673808(1,13)
(0,13)879559046(0,14)
(1,13)153301521(2,13)
(1,13)1138875757(1,14)
(2,13)1948237592(3,13)
(2,13)1791036677(2,14)
(3,13)1551973261(4,13)
(3,13)1576204728(3,14)
(4,13)1663050456(5,13)
(4,13)680681972(4,14)
(5,13)344607662(6,13)
(5,13)384835100(5,14)
(6,13)2140728563(7,13)
(6,13)2126170934(6,14)
(7,13)881713608(8,13)
(7,13)1915599528(7,14)
(8,13)1730079571(9,13)
(8,13)1829213399(8,14)
(9,13)708827571(10,13)
(9,13)342035006(9,14)
(10,13)1410980647(11,13)
(10,13)1374456790(10,14)
(11,13)95422046(12,13)
(11,13)888575936(11,14)
(12,13)1971876593(13,13)
(12,13)1499700203(12,14)
(13,13)1412989233(14,13)
(13,13)1412032336(13,14)
(14,13)1936036948(15,13)
(14,13)1083242849(14,14)
(15,13)1962801895(16,13)
(15,13)654336654(15,14)
(16,13)1793212411(17,13)
(16,13)1229227108(16,14)
(17,13)872780138(18,13)
(17,13)2116103417(17,14)
(18,13)1544824497(19,13)
(18,13)1593966355(18,14)
(19,13)127164679(20,13)
(19,13)277269751(19,14)
(20,13)662104851(21,13)
(20,13)1060391306(20,14)
(21,13)1039078592(22,13)
(21,13)471772341(21,14)
(22,13)239888221(23,13)
(22,13)655349766(22,14)
(23,13)337079518(24,13)
(23,13)1920792201(23,14)
(24,13)115343559(25,13)
(24,13)1969967793(24,14)
(25,13)1196940935(26,13)
(25,13)1045907089(25,14)
(26,13)1934483026(27,13)
(26,13)1526324206(26,14)
(27,13)878540761(28,13)
(27,13)1292362981(27,14)
(28,13)556911670(29,13)
(28,13)1758875971(28,14)
(29,13)144046346(29,14)
(0,14)345464970(1,14)
(0,14)694635172(0,15)
(1,14)509953420(2,14)
(1,14)798383000(1,15)
(2,14)444111763(3,14)
(2,14)1574692079(2,15)
(3,14)299988569(4,14)
(3,14)478573189(3,15)
(4,14)2023397686(5,14)
(4,14)2038078118(4,15)
(5,14)17759149(6,14)
(5,14)577258320(5,15)
(6,14)1239363171(7,14)
(6,14)936305344(6,15)
(7,14)1975383937(8,14)
(7,14)489531491(7,15)
(8,14)729419712(9,14)
(8,14)1894712937(8,15)
(9,14)84308807(10,14)
(9,14)1748692490(9,15)
(10,14)1864036049(11,14)
(10,14)551903857(10,15)
(11,14)1748844792(12,14)
(11,14)1130215897(11,15)
(12,14)917215275(13,14)
(12,14)1242876607(12,15)
(13,14)2121417369(14,14)
(13,14)893724126(13,15)
(14,14)1450635796(15,14)
(14,14)528607598(14,15)
(15,14)1223242770(16,14)
(15,14)117980067(15,15)
(16,14)916363068(17,14)
(16,14)1796100766(16,15)
(17,14)1223309197(18,14)
(17,14)1733196190(17,15)
(18,14)64285731(19,14)
(18,14)1360474831(18,15)
(19,14)1251069302(20,14)
(19,14)1523297766(19,15)
(20,14)2100556086(21,14)
(20,14)2087683418(20,15)
(21,14)876505114(22,14)
(21,14)1268828451(21,15)
(22,14)1758359942(23,14)
(22,14)1192435609(22,15)
(23,14)939664899(24,14)
(23,14)704405403(23,15)
(24,14)305614245(25,14)
(24,14)340296007(24,15)
(25,14)892199864(26,14)
(25,14)1023973706(25,15)
(26,14)6705955(27,14)
(26,14)22166646(26,15)
(27,14)1265043254(28,14)
(27,14)493561009(27,15)
(28,14)1387285135(29,14)
(28,14)923921230(28,15)
(29,14)1238976975(29,15)
(0,15)690437283(1,15)
(0,15)1452528828(0,16)
(1,15)528287951(2,15)
(1,15)1356957042(1,16)
(2,15)125836462(3,15)
(2,15)339054401(2,16)
(3,15)1562363599(4,15)
(3,15)114000493(3,16)
(4,15)178286225(5,15)
(4,15)1486311294(4,16)
(5,15)589896948(6,15)
(5,15)938177717(5,16)
(6,15)891250156(7,15)
(6,15)118485995(6,16)
(7,15)994991109(8,15)
(7,15)1858725399(7,16)
(8,15)1469601694(9,15)
(8,15)2083685765(8,16)
(9,15)875867016(10,15)
(9,15)1699396513(9,16)
(10,15)2005010758(11,15)
(10,15)1809897701(10,16)
(11,15)554613917(12,15)
(11,15)1899840723(11,16)
(12,15)1906546678(13,15)
(12,15)2027177405(12,16)
(13,15)1144737011(14,15)
(13,15)1048174926(13,16)
(14,15)287976413(15,15)
(14,15)682984261(14,16)
(15,15)2135513089(16,15)
(15,15)236230338(15,16)
(16,15)1593187380(17,15)
(16,15)978413696(16,16)
(17,15)1317468098(18,15)
(17,15)516317392(17,16)
(18,15)630317886(19,15)
(18,15)1719023843(18,16)
(19,15)1057851489(20,15)
(19,15)732348049(19,16)
(20,15)1670525766(21,15)
(20,15)808604111(20,16)
(21,15)927090106(22,15)
(21,15)1647748437(21,16)
(22,15)1358990188(23,15)
(22,15)414292274(22,16)
(23,15)350494392(24,15)
(23,15)1922081215(23,16)
(24,15)1473994080(25,15)
(24,15)681108234(24,16)
(25,15)343522287(26,15)
(25,15)1226361408(25,16)
(26,15)978718483(27,15)
(26,15)1331521191(26,16)
(27,15)1211214948(28,15)
(27,15)898136205(27,16)
(28,15)1946311131(29,15)
(28,15)737781514(28,16)
(29,15)208468311(29,16)
(0,16)86803897(1,16)
(0,16)1420765775(0,17)
(1,16)1408795216(2,16)
(1,16)444698649(1,17)
(2,16)2037886029(3,16)
(2,16)1065217593(2,17)
(3,16)235202043(4,16)
(3,16)1925112609(3,17)
(4,16)407946847(5,16)
(4,16)1609426224(4,17)
(5,16)519794065(6,16)
(5,16)967550092(5,17)
(6,16)490592211(7,16)
(6,16)1216550958(6,17)
(7,16)2143641064(8,16)
(7,16)20058854(7,17)
(8,16)1379049043(9,16)
(8,16)904884485(8,17)
(9,16)1255378877(10,16)
(9,16)1918238631(9,17)
(10,16)1244749064(11,16)
(10,16)2060157277(10,17)
(11,16)256195917(12,16)
(11,16)334256638(11,17)
(12,16)1312975121(13,16)
(12,16)428786607(12,17)
(13,16)1640001555(14,16)
(13,16)1154332122(13,17)
(14,16)953159605(15,16)
(14,16)2050756635(14,17)
(15,16)1324038762(16,16)
(15,16)1848469866(15,17)
(16,16)145684867(17,16)
(16,16)1039963502(16,17)
(17,16)2105181096(18,16)
(17,16)585350331(17,17)
(18,16)362979292(19,16)
(18,16)36087248(18,17)
(19,16)1645513473(20,16)
(19,16)192899491(19,17)
(20,16)1160449584(21,16)
(20,16)770926139(20,17)
(21,16)1987477097(22,16)
(21,16)17823890(21,17)
(22,16)37882745(23,16)
(22,16)1651041795(22,17)
(23,16)408442632(24,16)
(23,16)1983634513(23,17)
(24,16)1754389496(25,16)
(24,16)1416931788(24,17)
(25,16)1329605417(26,16)
(25,16)1663821510(25,17)
(26,16)1998078148(27,16)
(26,16)851654912(26,17)
(27,16)1280441519(28,16)
(27,16)1585801334(27,17)
(28,16)592649808(29,16)
(28,16)1163569621(28,17)
(29,16)772959426(29,17)
(0,17)1545809414(1,17)
(0,17)1066842609(0,18)
(1,17)243397723(2,17)
(1,17)473945644(1,18)
(2,17)619630511(3,17)
(2,17)438289268(2,18)
(3,17)395986716(4,17)
(3,17)828748054(3,18)
(4,17)1191727346(5,17)
(4,17)655717760(4,18)
(5,17)153747585(6,17)
(5,17)588886208(5,18)
(6,17)1749335792(7,17)
(6,17)1962653485(6,18)
(7,17)1802646934(8,17)
(7,17)171571475(7,18)
(8,17)209454220(9,17)
(8,17)1252893939(8,18)
(9,17)1661336571(10,17)
(9,17)1638797799(9,18)
(10,17)1245703648(11,17)
(10,17)1626386008(10,18)
(11,17)808507778(12,17)
(11,17)1177674433(11,18)
(12,17)1028268933(13,17)
(12,17)2097358560(12,18)
(13,17)1230316432(14,17)
(13,17)246825464(13,18)
(14,17)839475273(15,17)
(14,17)44354907(14,18)
(15,17)1111197516(16,17)
(15,17)2003275858(15,18)
(16,17)329737855(17,17)
(16,17)237801039(16,18)
(17,17)676090307(18,17)
(17,17)1354595239(17,18)
(18,17)35859646(19,17)
(18,17)949368366(18,18)
(19,17)1605086126(20,17)
(19,17)1072077024(19,18)
(20,17)1660963232(21,17)
(20,17)1227586992(20,18)
(21,17)1042756830(22,17)
(21,17)1758833711(21,18)
(22,17)1930405187(23,17)
(22,17)1262815376(22,18)
(23,17)368225667(24,17)
(23,17)697920116(23,18)
(24,17)189234268(25,17)
(24,17)2139859407(24,18)
(25,17)1618761768(26,17)
(25,17)2029562238(25,18)
(26,17)1059753024(27,17)
(26,17)1434937916(26,18)
(27,17)1384812828(28,17)
(27,17)279785898(27,18)
(28,17)526611362(29,17)
(28,17)2088021957(28,18)
(29,17)467645612(29,18)
(0,18)1366086635(1,18)
(0,18)2132376864(0,19)
(1,18)1096090732(2,18)
(1,18)323437823(1,19)
(2,18)653175678(3,18)
(2,18)1603887674(2,19)
(3,18)132494334(4,18)
(3,18)303202324(3,19)
(4,18)339061970(5,18)
(4,18)1602544044(4,19)
(5,18)1060146523(6,18)
(5,18)1204571358(5,19)
(6,18)718050942(7,18)
(6,18)1566648962(6,19)
(7,18)461922144(8,18)
(7,18)671496586(7,19)
(8,18)454418125(9,18)
(8,18)1980866318(8,19)
(9,18)201608337(10,18)
(9,18)1159842261(9,19)
(10,18)1349076529(11,18)
(10,18)446793885(10,19)
(11,18)2065555653(12,18)
(11,18)83686927(11,19)
(12,18)1143439951(13,18)
(12,18)636530797(12,19)
(13,18)2021343625(14,18)
(13,18)197857903(13,19)
(14,18)724469265(15,18)
(14,18)1083978261(14,19)
(15,18)1068871477(16,18)
(15,18)341505590(15,19)
(16,18)664943413(17,18)
(16,18)2090555901(16,19)
(17,18)1546959927(18,18)
(17,18)17478562(17,19)
(18,18)320680886(19,18)
(18,18)1318119091(18,19)
(19,18)773179487(20,18)
(19,18)1679454261(19,19)
(20,18)736541971(21,18)
(20,18)659742856(20,19)
(21,18)78908170(22,18)
(21,18)1833326010(21,19)
(22,18)357338949(23,18)
(22,18)1454592913(22,19)
(23,18)1287975583(24,18)
(23,18)540830315(23,19)
(24,18)1700672576(25,18)
(24,18)811757074(24,19)
(25,18)1258550959(26,18)
(25,18)1489583920(25,19)
(26,18)1573270848(27,18)
(26,18)902265457(26,19)
(27,18)1538796254(28,18)
(27,18)1176622964(27,19)
(28,18)1374480867(29,18)
(28,18)569227151(28,19)
(29,18)1412656231(29,19)
(0,19)2098950133(1,19)
(0,19)1653205412(0,20)
(1,19)574593242(2,19)
(1,19)1754161821(1,20)
(2,19)271621586(3,19)
(2,19)2042022386(2,20)
(3,19)1441498665(4,19)
(3,19)592071804(3,20)
(4,19)912752690(5,19)
(4,19)1589740677(4,20)
(5,19)215436517(6,19)
(5,19)973469279(5,20)
(6,19)1710011250(7,19)
(6,19)1572495546(6,20)
(7,19)1651403716(8,19)
(7,19)2048762527(7,20)
(8,19)258617828(9,19)
(8,19)1017120516(8,20)
(9,19)157612451(10,19)
(9,19)44750383(9,20)
(10,19)1745422959(11,19)
(10,19)1070374903(10,20)
(11,19)181442214(12,19)
(11,19)1647196372(11,20)
(12,19)1072983572(13,19)
(12,19)500204768(12,20)
(13,19)2039001022(14,19)
(13,19)1358065179(13,20)
(14,19)585062398(15,19)
(14,19)1642210723(14,20)
(15,19)1147932488(16,19)
(15,19)1304173606(15,20)
(16,19)910851779(17,19)
(16,19)536528883(16,20)
(17,19)431067621(18,19)
(17,19)1722525730(17,20)
(18,19)167113886(19,19)
(18,19)1182473366(18,20)
(19,19)624730395(20,19)
(19,19)1872566287(19,20)
(20,19)698551918(21,19)
(20,19)1079866576(20,20)
(21,19)504878474(22,19)
(21,19)840166912(21,20)
(22,19)741445792(23,19)
(22,19)261079520(22,20)
(23,19)1278200036(24,19)
(23,19)8798542(23,20)
(24,19)53548926(25,19)
(24,19)1000063620(24,20)
(25,19)2070438523(26,19)
(25,19)1435812488(25,20)
(26,19)935525212(27,19)
(26,19)1798971885(26,20)
(27,19)151693006(28,19)
(27,19)104397090(27,20)
(28,19)1462462269(29,19)
(28,19)2008508784(28,20)
(29,19)43210380(29,20)
(0,20)2047524667(1,20)
(0,20)1503235859(0,21)
(1,20)503684699(2,20)
(1,20)1347383986(1,21)
(2,20)110752118(3,20)
(2,20)436569903(2,21)
(3,20)867637524(4,20)
(3,20)78726781(3,21)
(4,20)245840667(5,20)
(4,20)1293225484(4,21)
(5,20)1917955879(6,20)
(5,20)592720163(5,21)
(6,20)1291272081(7,20)
(6,20)1325707243(6,21)
(7,20)1830585717(8,20)
(7,20)610639144(7,21)
(8,20)1352084936(9,20)
(8,20)1552351602(8,21)
(9,20)683067990(10,20)
(9,20)1839384260(9,21)
(10,20)1892933186(11,20)
(10,20)204664908(10,21)
(11,20)127619784(12,20)
(11,20)2118880478(11,21)
(12,20)906922042(13,20)
(12,20)1544421423(12,21)
(13,20)1696114429(14,20)
(13,20)232016874(13,21)
(14,20)1694479143(15,20)
(14,20)767947178(14,21)
(15,20)123699390(16,20)
(15,20)1739324810(15,21)
(16,20)939225148(17,20)
(16,20)1594520162(16,21)
(17,20)2031090065(18,20)
(17,20)627384089(17,21)
(18,20)706110871(19,20)
(18,20)1049977266(18,21)
(19,20)195719102(20,20)
(19,20)751243942(19,21)
(20,20)1343964105(21,20)
(20,20)951951538(20,21)
(21,20)130175134(22,20)
(21,20)2113674982(21,21)
(22,20)576830478(23,20)
(22,20)487752539(22,21)
(23,20)2040104141(24,20)
(23,20)1960760851(23,21)
(24,20)1652661463(25,20)
(24,20)1928915414(24,21)
(25,20)2133580322(26,20)
(25,20)575688483(25,21)
(26,20)547085314(27,20)
(26,20)1398111001(26,21)
(27,20)795048777(28,20)
(27,20)113716458(27,21)
(28,20)345733332(29,20)
(28,20)1454007356(28,21)
(29,20)343679558(29,21)
(0,21)2040212475(1,21)
(0,21)74470887(0,22)
(1,21)198170277(2,21)
(1,21)2083004368(1,22)
(2,21)874745869(3,21)
(2,21)1487248990(2,22)
(3,21)1370855407(4,21)
(3,21)825554366(3,22)
(4,21)1531665237(5,21)
(4,21)1924723135(4,22)
(5,21)2120442238(6,21)
(5,21)2122099349(5,22)
(6,21)1318579807(7,21)
(6,21)336133128(6,22)
(7,21)466308262(8,21)
(7,21)2086633572(7,22)
(8,21)515980402(9,21)
(8,21)1806332346(8,22)
(9,21)1698952839(10,21)
(9,21)279585465(9,22)
(10,21)1932246929(11,21)
(10,21)297412168(10,22)
(11,21)283508842(12,21)
(11,21)127157674(11,22)
(12,21)674242988(13,21)
(12,21)1182874282(12,22)
(13,21)1977923059(14,21)
(13,21)397225301(13,22)
(14,21)742958633(15,21)
(14,21)2128250345(14,22)
(15,21)55237584(16,21)
(15,21)174118970(15,22)
(16,21)109639690(17,21)
(16,21)635687461(16,22)
(17,21)2122936451(18,21)
(17,21)253407861(17,22)
(18,21)1078962227(19,21)
(18,21)984385559(18,22)
(19,21)761625047(20,21)
(19,21)1346308210(19,22)
(20,21)1320923912(21,21)
(20,21)463143817(20,22)
(21,21)799276945(22,21)
(21,21)734583637(21,22)
(22,21)673733561(23,21)
(22,21)492020071(22,22)
(23,21)150868769(24,21)
(23,21)1265585207(23,22)
(24,21)1545170672(25,21)
(24,21)1189713963(24,22)
(25,21)1487126131(26,21)
(25,21)1849821608(25,22)
(26,21)1976979282(27,21)
(26,21)1329933953(26,22)
(27,21)365324588(28,21)
(27,21)1770634973(27,22)
(28,21)20376626(29,21)
(28,21)503738623(28,22)
(29,21)195763999(29,22)
(0,22)763335260(1,22)
(0,22)484505320(0,23)
(1,22)539742904(2,22)
(1,22)369882969(1,23)
(2,22)479522660(3,22)
(2,22)1399022721(2,23)
(3,22)1374475524(4,22)
(3,22)793150765(3,23)
(4,22)1872112992(5,22)
(4,22)1463908219(4,23)
(5,22)78049618(6,22)
(5,22)573300086(5,23)
(6,22)1894223998(7,22)
(6,22)187773161(6,23)
(7,22)987050106(8,22)
(7,22)812633255(7,23)
(8,22)1486366816(9,22)
(8,22)238760421(8,23)
(9,22)389629190(10,22)
(9,22)105151665(9,23)
(10,22)1650322338(11,22)
(10,22)528597131(10,23)
(11,22)2015723262(12,22)
(11,22)91967150(11,23)
(12,22)2068946433(13,22)
(12,22)832772643(12,23)
(13,22)1198097231(14,22)
(13,22)1638874588(13,23)
(14,22)1659251214(15,22)
(14,22)425201408(14,23)
(15,22)909706728(16,22)
(15,22)1393861231(15,23)
(16,22)1763744200(17,22)
(16,22)275102826(16,23)
(17,22)1674125547(18,22)
(17,22)1449449632(17,23)
(18,22)95116749(19,22)
(18,22)95783212(18,23)
(19,22)1559691432(20,22)
(19,22)901117423(19,23)
(20,22)1474417510(21,22)
(20,22)1967229741(20,23)
(21,22)7519255(22,22)
(21,22)1637741050(21,23)
(22,22)302890658(23,22)
(22,22)1221157860(22,23)
(23,22)1459918282(24,22)
(23,22)994569361(23,23)
(24,22)1099721027(25,22)
(24,22)1789257474(24,23)
(25,22)170370958(26,22)
(25,22)1849547472(25,23)
(26,22)1941514623(27,22)
(26,22)602559717(26,23)
(27,22)1435332360(28,22)
(27,22)38610572(27,23)
(28,22)1677485160(29,22)
(28,22)1862977408(28,23)
(29,22)485945944(29,23)
(0,23)1189252727(1,23)
(0,23)140695168(0,24)
(1,23)1050401896(2,23)
(1,23)1879807175(1,24)
(2,23)1496067727(3,23)
(2,23)1464355553(2,24)
(3,23)990997453(4,23)
(3,23)352367880(3,24)
(4,23)447484629(5,23)
(4,23)1591850940(4,24)
(5,23)1004058724(6,23)
(5,23)1892114876(5,24)
(6,23)1219048738(7,23)
(6,23)267230722(6,24)
(7,23)274749977(8,23)
(7,23)494316126(7,24)
(8,23)797206784(9,23)
(8,23)292722951(8,24)
(9,23)1752641233(10,23)
(9,23)1269319339(9,24)
(10,23)221556718(11,23)
(10,23)438980611(10,24)
(11,23)609351569(12,23)
(11,23)1454705057(11,24)
(12,23)1248736032(13,23)
(12,23)824116435(12,24)
(13,23)111965147(14,23)
(13,23)647962141(13,24)
(14,23)177963654(15,23)
(14,23)964229792(14,24)
(15,23)1104924960(16,23)
(15,23)597911091(15,24)
(16,23)330234618(17,23)
(16,23)1367216381(16,24)
(17,23)684088286(18,23)
(17,23)7843208(17,24)
(18,23)360211088(19,23)
(18,23)1826302346(18,24)
(19,23)1270669638(20,23)
(19,23)1675085739(19,24)
(20,23)1419716968(21,23)
(20,23)807695717(20,24)
(21,23)1074926440(22,23)
(21,23)127244714(21,24)
(22,23)621560840(23,23)
(22,23)491282058(22,24)
(23,23)784005009(24,23)
(23,23)1349676417(23,24)
(24,23)471512108(25,23)
(24,23)1418767625(24,24)
(25,23)1857748236(26,23)
(25,23)389162594(25,24)
(26,23)1843867652(27,23)
(26,23)693068826(26,24)
(27,23)1517185261(28,23)
(27,23)319616157(27,24)
(28,23)967578298(29,23)
(28,23)945120036(28,24)
(29,23)1629150409(29,24)
(0,24)1145541952(1,24)
(0,24)1909349829(0,25)
(1,24)866791141(2,24)
(1,24)79577852(1,25)
(2,24)409812471(3,24)
(2,24)365274685(2,25)
(3,24)1049362972(4,24)
(3,24)874634350(3,25)
(4,24)1234845438(5,24)
(4,24)88631169(4,25)
(5,24)1359300807(6,24)
(5,24)576965063(5,25)
(6,24)1996682031(7,24)
(6,24)2042541156(6,25)
(7,24)969983948(8,24)
(7,24)1486545521(7,25)
(8,24)2108106361(9,24)
(8,24)340480442(8,25)
(9,24)1124485451(10,24)
(9,24)172176717(9,25)
(10,24)643688826(11,24)
(10,24)1379390338(10,25)
(11,24)1089654926(12,24)
(11,24)1513648046(11,25)
(12,24)1210032050(13,24)
(12,24)1336757652(12,25)
(13,24)706459266(14,24)
(13,24)1409271083(13,25)
(14,24)229365734(15,24)
(14,24)7668438(14,25)
(15,24)1917018267(16,24)
(15,24)188126027(15,25)
(16,24)267703879(17,24)
(16,24)1374907686(16,25)
(17,24)1740182372(18,24)
(17,24)636325761(17,25)
(18,24)1510960111(19,24)
(18,24)677516350(18,25)
(19,24)766147519(20,24)
(19,24)642061696(19,25)
(20,24)1219026759(21,24)
(20,24)598321901(20,25)
(21,24)493379409(22,24)
(21,24)2125448326(21,25)
(22,24)1464510199(23,24)
(22,24)1068225143(22,25)
(23,24)1408705585(24,24)
(23,24)1463363357(23,25)
(24,24)1635540075(25,24)
(24,24)1425132913(24,25)
(25,24)657039603(26,24)
(25,24)385707388(25,25)
(26,24)1899355434(27,24)
(26,24)131745253(26,25)
(27,24)1468502905(28,24)
(27,24)1746694530(27,25)
(28,24)1008481965(29,24)
(28,24)961903836(28,25)
(29,24)27478523(29,25)
(0,25)1237847699(1,25)
(0,25)969572275(0,26)
(1,25)739106894(2,25)
(1,25)215604550(1,26)
(2,25)483308430(3,25)
(2,25)465271738(2,26)
(3,25)57970462(4,25)
(3,25)1375432655(3,26)
(4,25)738909118(5,25)
(4,25)1160824780(4,26)
(5,25)1926972300(6,25)
(5,25)700032158(5,26)
(6,25)1919058917(7,25)
(6,25)1337231020(6,26)
(7,25)1830610429(8,25)
(7,25)1904936978(7,26)
(8,25)1221963530(9,25)
(8,25)839800412(8,26)
(9,25)101022349(10,25)
(9,25)1146490139(9,26)
(10,25)634546566(11,25)
(10,25)499612795(10,26)
(11,25)1156652398(12,25)
(11,25)486729738(11,26)
(12,25)238601524(13,25)
(12,25)766291819(12,26)
(13,25)87311076(14,25)
(13,25)755863280(13,26)
(14,25)1764345246(15,25)
(14,25)1200505361(14,26)
(15,25)22593988(16,25)
(15,25)114789600(15,26)
(16,25)330394150(17,25)
(16,25)854709297(16,26)
(17,25)1319981035(18,25)
(17,25)761700882(17,26)
(18,25)2137133538(19,25)
(18,25)813702580(18,26)
(19,25)1974527361(20,25)
(19,25)1377951497(19,26)
(20,25)2077983655(21,25)
(20,25)728559008(20,26)
(21,25)2065790028(22,25)
(21,25)1754016013(21,26)
(22,25)1511469343(23,25)
(22,25)1849558925(22,26)
(23,25)541875689(24,25)
(23,25)1748916810(23,26)
(24,25)747923301(25,25)
(24,25)585949225(24,26)
(25,25)1085562020(26,25)
(25,25)642898039(25,26)
(26,25)1129627777(27,25)
(26,25)1382469867(26,26)
(27,25)1278038(28,25)
(27,25)94730771(27,26)
(28,25)850594051(29,25)
(28,25)1368229301(28,26)
(29,25)88589114(29,26)
(0,26)467455649(1,26)
(0,26)421251014(0,27)
(1,26)443845002(2,26)
(1,26)203378714(1,27)
(2,26)533772865(3,26)
(2,26)1322164947(2,27)
(3,26)494662334(4,26)
(3,26)1205545885(3,27)
(4,26)1195195775(5,26)
(4,26)1347475445(4,27)
(5,26)1174519158(6,26)
(5,26)1872613832(5,27)
(6,26)1803113839(7,26)
(6,26)1923754783(6,27)
(7,26)1842061164(8,26)
(7,26)781051523(7,27)
(8,26)145037219(9,26)
(8,26)1505189116(8,27)
(9,26)2047064806(10,26)
(9,26)1443494326(9,27)
(10,26)43933979(11,26)
(10,26)730986444(10,27)
(11,26)1816548465(12,26)
(11,26)542479197(11,27)
(12,26)1672106974(13,26)
(12,26)1426403846(12,27)
(13,26)1427681884(14,26)
(13,26)1911279236(13,27)
(14,26)614389639(15,26)
(14,26)892852627(14,27)
(15,26)1314103642(16,26)
(15,26)1516270998(15,27)
(16,26)1719649713(17,26)
(16,26)1081845289(16,27)
(17,26)256526588(18,26)
(17,26)1757948644(17,27)
(18,26)816010881(19,26)
(18,26)105938930(18,27)
(19,26)1453414375(20,26)
(19,26)751188922(19,27)
(20,26)476319106(21,26)
(20,26)2011206656(20,27)
(21,26)1787477792(22,26)
(21,26)480449886(21,27)
(22,26)1261501409(23,26)
(22,26)131949298(22,27)
(23,26)1637138414(24,26)
(23,26)1482055308(23,27)
(24,26)778065986(25,26)
(24,26)1406538628(24,27)
(25,26)2137525073(26,26)
(25,26)1536719572(25,27)
(26,26)2079198769(27,26)
(26,26)821999965(26,27)
(27,26)100920163(28,26)
(27,26)1806589890(27,27)
(28,26)1570385478(29,26)
(28,26)1603822095(28,27)
(29,26)1528602047(29,27)
(0,27)37291469(1,27)
(0,27)349191075(0,28)
(1,27)1663294717(2,27)
(1,27)897389397(1,28)
(2,27)469555462(3,27)
(2,27)1119136758(2,28)
(3,27)1375663346(4,27)
(3,27)1273759713(3,28)
(4,27)2089770595(5,27)
(4,27)575494392(4,28)
(5,27)2028908768(6,27)
(5,27)2126852269(5,28)
(6,27)455687727(7,27)
(6,27)1953493603(6,28)
(7,27)1593487747(8,27)
(7,27)361875006(7,28)
(8,27)1623376415(9,27)
(8,27)587637025(8,28)
(9,27)77291792(10,27)
(9,27)928059407(9,28)
(10,27)1706125393(11,27)
(10,27)882431396(10,28)
(11,27)872472821(12,27)
(11,27)1614011364(11,28)
(12,27)1545726486(13,27)
(12,27)380641710(12,28)
(13,27)481561873(14,27)
(13,27)531579063(13,28)
(14,27)2101964541(15,27)
(14,27)1002064933(14,28)
(15,27)1351256008(16,27)
(15,27)2010163920(15,28)
(16,27)760069670(17,27)
(16,27)2139256010(16,28)
(17,27)1110909121(18,27)
(17,27)867067077(17,28)
(18,27)2140826791(19,27)
(18,27)1229625132(18,28)
(19,27)1805119525(20,27)
(19,27)339088819(19,28)
(20,27)318457440(21,27)
(20,27)2083113738(20,28)
(21,27)1889123693(22,27)
(21,27)1686544645(21,28)
(22,27)2048419651(23,27)
(22,27)774145168(22,28)
(23,27)1361782193(24,27)
(23,27)1335127793(23,28)
(24,27)115703552(25,27)
(24,27)1524312418(24,28)
(25,27)259260166(26,27)
(25,27)1439073985(25,28)
(26,27)905601702(27,27)
(26,27)1821828946(26,28)
(27,27)54987008(28,27)
(27,27)1131732987(27,28)
(28,27)1663312050(29,27)
(28,27)303844540(28,28)
(29,27)536548882(29,28)
(0,28)1617792943(1,28)
(0,28)1305909473(0,29)
(1,28)509681834(2,28)
(1,28)399229154(1,29)
(2,28)1159298824(3,28)
(2,28)1609565306(2,29)
(3,28)572990779(4,28)
(3,28)1376748911(3,29)
(4,28)1370092054(5,28)
(4,28)241440309(4,29)
(5,28)2046559834(6,28)
(5,28)912079598(5,29)
(6,28)1230537039(7,28)
(6,28)1305722144(6,29)
(7,28)1047362190(8,28)
(7,28)1585620831(7,29)
(8,28)1486556834(9,28)
(8,28)2004682207(8,29)
(9,28)1218980752(10,28)
(9,28)235006335(9,29)
(10,28)350709887(11,28)
(10,28)863385604(10,29)
(11,28)1122645771(12,28)
(11,28)510571090(11,29)
(12,28)1416172792(13,28)
(12,28)25055185(12,29)
(13,28)80042194(14,28)
(13,28)106895110(13,29)
(14,28)1770207161(15,28)
(14,28)1720017332(14,29)
(15,28)878443157(16,28)
(15,28)616591076(15,29)
(16,28)1015820230(17,28)
(16,28)1240516456(16,29)
(17,28)702598114(18,28)
(17,28)1388124991(17,29)
(18,28)617390255(19,28)
(18,28)27635407(18,29)
(19,28)269075716(20,28)
(19,28)1275588893(19,29)
(20,28)40184844(21,28)
(20,28)1987482309(20,29)
(21,28)1145720806(22,28)
(21,28)168151902(21,29)
(22,28)1753772733(23,28)
(22,28)1270721883(22,29)
(23,28)1127920442(24,28)
(23,28)45599348(23,29)
(24,28)280605683(25,28)
(24,28)1092845919(24,29)
(25,28)1956231523(26,28)
(25,28)199417546(25,29)
(26,28)709988636(27,28)
(26,28)631315570(26,29)
(27,28)656370756(28,28)
(27,28)931393646(27,29)
(28,28)1038288757(29,28)
(28,28)2126161428(28,29)
(29,28)736412950(29,29)
(0,29)661012270(1,29)
(0,29)1698695112(0,30)
(1,29)429654622(2,29)
(1,29)1353004026(1,30)
(2,29)221340608(3,29)
(2,29)1901528726(2,30)
(3,29)456643193(4,29)
(3,29)1817779613(3,30)
(4,29)287686220(5,29)
(4,29)248976015(4,30)
(5,29)518051731(6,29)
(5,29)1732232086(5,30)
(6,29)1772416930(7,29)
(6,29)127684882(6,30)
(7,29)1273405688(8,29)
(7,29)686203633(7,30)
(8,29)292492718(9,29)
(8,29)895655165(8,30)
(9,29)2023575607(10,29)
(9,29)1319005036(9,30)
(10,29)1599610719(11,29)
(10,29)1385338637(10,30)
(11,29)1194086513(12,29)
(11,29)75509506(11,30)
(12,29)785498142(13,29)
(12,29)83442641(12,30)
(13,29)739813397(14,29)
(13,29)2125480159(13,30)
(14,29)1016285268(15,29)
(14,29)764175923(14,30)
(15,29)315387387(16,29)
(15,29)1476226347(15,30)
(16,29)681746725(17,29)
(16,29)1677297538(16,30)
(17,29)1431342617(18,29)
(17,29)745042009(17,30)
(18,29)415337975(19,29)
(18,29)903087334(18,30)
(19,29)1152063349(20,29)
(19,29)1887985810(19,30)
(20,29)1472734248(21,29)
(20,29)703024195(20,30)
(21,29)830709077(22,29)
(21,29)1670115081(21,30)
(22,29)208835066(23,29)
(22,29)1097667531(22,30)
(23,29)1993322696(24,29)
(23,29)2104114765(23,30)
(24,29)1275636153(25,29)
(24,29)501327785(24,30)
(25,29)1886666422(26,29)
(25,29)1869414656(25,30)
(26,29)1944924162(27,29)
(26,29)727763224(26,30)
(27,29)811205866(28,29)
(27,29)933269287(27,30)
(28,29)911265799(29,29)
(28,29)582938656(28,30)
(29,29)1551019263(29,30)
(0,30)1927551067(1,30)
(0,30)1347114579(0,31)
(1,30)1662501967(2,30)
(1,30)879761963(1,31)
(2,30)1561508688(3,30)
(2,30)1457364958(2,31)
(3,30)741223927(4,30)
(3,30)260060328(3,31)
(4,30)675398303(5,30)
(4,30)317112374(4,31)
(5,30)1469175724(6,30)
(5,30)481726089(5,31)
(6,30)1954460337(7,30)
(6,30)1378422499(6,31)
(7,30)61647928(8,30)
(7,30)991807157(7,31)
(8,30)1200642223(9,30)
(8,30)904644220(8,31)
(9,30)750483269(10,30)
(9,30)18279046(9,31)
(10,30)1293915199(11,30)
(10,30)1701970008(10,31)
(11,30)1441152783(12,30)
(11,30)472414277(11,31)
(12,30)269854791(13,30)
(12,30)2021678424(12,31)
(13,30)685400642(14,30)
(13,30)226938422(13,31)
(14,30)1138204221(15,30)
(14,30)852793447(14,31)
(15,30)52424379(16,30)
(15,30)88936257(15,31)
(16,30)968698220(17,30)
(16,30)918271641(16,31)
(17,30)228152951(18,30)
(17,30)1714926346(17,31)
(18,30)1974986674(19,30)
(18,30)382723261(18,31)
(19,30)699835635(20,30)
(19,30)969376878(19,31)
(20,30)1451102967(21,30)
(20,30)502901330(20,31)
(21,30)1881323829(22,30)
(21,30)21527711(21,31)
(22,30)1013334868(23,30)
(22,30)1258079656(22,31)
(23,30)15240229(24,30)
(23,30)1942971757(23,31)
(24,30)1961250803(25,30)
(24,30)66493444(24,31)
(25,30)1768463452(26,30)
(25,30)765723498(25,31)
(26,30)1238137775(27,30)
(26,30)1107682355(26,31)
(27,30)981877131(28,30)
(27,30)1062132587(27,31)
(28,30)1289071010(29,30)
(28,30)1507992566(28,31)
(29,30)1667277773(29,31)
(0,31)279791583(1,31)
(0,31)213302365(0,32)
(1,31)265726744(2,31)
(1,31)1756214030(1,32)
(2,31)577428603(3,31)
(2,31)1198063224(2,32)
(3,31)1426216175(4,31)
(3,31)1980653090(3,32)
(4,31)1808156117(5,31)
(4,31)960151864(4,32)
(5,31)1659987499(6,31)
(5,31)248109405(5,32)
(6,31)1699212372(7,31)
(6,31)163573799(6,32)
(7,31)2044897628(8,31)
(7,31)1681515211(7,32)
(8,31)547366431(9,31)
(8,31)809808381(8,32)
(9,31)825048610(10,31)
(9,31)1840385737(9,32)
(10,31)1654152893(11,31)
(10,31)613859875(10,32)
(11,31)234839680(12,31)
(11,31)1590772108(11,32)
(12,31)681426235(13,31)
(12,31)614351600(12,32)
(13,31)1596228731(14,31)
(13,31)1296972267(13,32)
(14,31)438559629(15,31)
(14,31)41935153(14,32)
(15,31)255237518(16,31)
(15,31)1116022856(15,32)
(16,31)724753238(17,31)
(16,31)718351213(16,32)
(17,31)1916414437(18,31)
(17,31)520964263(17,32)
(18,31)354133705(19,31)
(18,31)1302181841(18,32)
(19,31)114850057(20,31)
(19,31)1195146965(19,32)
(20,31)1443256370(21,31)
(20,31)14806174(20,32)
(21,31)178379973(22,31)
(21,31)1774837557(21,32)
(22,31)1308869120(23,31)
(22,31)994985095(22,32)
(23,31)1804793476(24,31)
(23,31)75793953(23,32)
(24,31)1916179691(25,31)
(24,31)1856235551(24,32)
(25,31)322611779(26,31)
(25,31)482358438(25,32)
(26,31)2073130546(27,31)
(26,31)1422848936(26,32)
(27,31)2037200536(28,31)
(27,31)557451459(27,32)
(28,31)1854423726(29,31)
(28,31)607073133(28,32)
(29,31)1485945619(29,32)
(0,32)145499708(1,32)
(0,32)649008286(0,33)
(1,32)904245804(2,32)
(1,32)454484827(1,33)
(2,32)1179238065(3,32)
(2,32)863850921(2,33)
(3,32)632781710(4,32)
(3,32)1425210067(3,33)
(4,32)1779343773(5,32)
(4,32)333936259(4,33)
(5,32)448786316(6,32)
(5,32)1827928675(5,33)
(6,32)1123701398(7,32)
(6,32)1794149947(6,33)
(7,32)1972529921(8,32)
(7,32)76140225(7,33)
(8,32)1385009345(9,32)
(8,32)2118686493(8,33)
(9,32)1775996321(10,32)
(9,32)2048323874(9,33)
(10,32)1817019917(11,32)
(10,32)1093761249(10,33)
(11,32)1416373028(12,32)
(11,32)110871111(11,33)
(12,32)36518009(13,32)
(12,32)1092385205(12,33)
(13,32)982102093(14,32)
(13,32)1973824487(13,33)
(14,32)1680764565(15,32)
(14,32)643591142(14,33)
(15,32)1292599428(16,32)
(15,32)320564064(15,33)
(16,32)775048891(17,32)
(16,32)1826264273(16,33)
(17,32)542631546(18,32)
(17,32)49361584(17,33)
(18,32)1474571652(19,32)
(18,32)1954286957(18,33)
(19,32)140739568(20,32)
(19,32)1175413257(19,33)
(20,32)855858284(21,32)
(20,32)1106431777(20,33)
(21,32)753098076(22,32)
(21,32)589525884(21,33)
(22,32)665666110(23,32)
(22,32)1979559682(22,33)
(23,32)1950762527(24,32)
(23,32)578144349(23,33)
(24,32)478984576(25,32)
(24,32)2050675455(24,33)
(25,32)996953056(26,32)
(25,32)1579275200(25,33)
(26,32)1690146311(27,32)
(26,32)148520845(26,33)
(27,32)1240906051(28,32)
(27,32)265842436(27,33)
(28,32)92183275(29,32)
(28,32)1726664320(28,33)
(29,32)75524496(29,33)
(0,33)1772947841(1,33)
(0,33)222771814(0,34)
(1,33)1515371242(2,33)
(1,33)396088561(1,34)
(2,33)1171137452(3,33)
(2,33)1451728466(2,34)
(3,33)1994360013(4,33)
(3,33)1564732827(3,34)
(4,33)891820831(5,33)
(4,33)977940761(4,34)
(5,33)1118680329(6,33)
(5,33)1022289622(5,34)
(6,33)1878147906(7,33)
(6,33)1998252608(6,34)
(7,33)603867036(8,33)
(7,33)1708206214(7,34)
(8,33)226388676(9,33)
(8,33)1710223941(8,34)
(9,33)1513502820(10,33)
(9,33)1182011386(9,34)
(10,33)1660995962(11,33)
(10,33)129580483(10,34)
(11,33)1126533540(12,33)
(11,33)945294373(11,34)
(12,33)487957036(13,33)
(12,33)1809516807(12,34)
(13,33)902939210(14,33)
(13,33)1392375976(13,34)
(14,33)1484559252(15,33)
(14,33)67137709(14,34)
(15,33)289909523(16,33)
(15,33)978463707(15,34)
(16,33)1374552268(17,33)
(16,33)1110023445(16,34)
(17,33)414268263(18,33)
(17,33)1805280766(17,34)
(18,33)1222529945(19,33)
(18,33)398206072(18,34)
(19,33)1376146834(20,33)
(19,33)261144628(19,34)
(20,33)1283434250(21,33)
(20,33)2114350776(20,34)
(21,33)1965119736(22,33)
(21,33)347343515(21,34)
(22,33)2055549729(23,33)
(22,33)1014098509(22,34)
(23,33)576838802(24,33)
(23,33)421503124(23,34)
(24,33)1603514510(25,33)
(24,33)134454757(24,34)
(25,33)264035241(26,33)
(25,33)2090341622(25,34)
(26,33)888152347(27,33)
(26,33)1117026824(26,34)
(27,33)779059984(28,33)
(27,33)1390568781(27,34)
(28,33)635461109(29,33)
(28,33)1376109384(28,34)
(29,33)1681999194(29,34)
(0,34)2120020361(1,34)
(0,34)1443247093(0,35)
(1,34)1733156616(2,34)
(1,34)512979253(1,35)
(2,34)1887531521(3,34)
(2,34)1082560158(2,35)
(3,34)1496828422(4,34)
(3,34)1390953734(3,35)
(4,34)466000031(5,34)
(4,34)138253946(4,35)
(5,34)1514400780(6,34)
(5,34)1757973050(5,35)
(6,34)893923653(7,34)
(6,34)432867159(6,35)
(7,34)250503247(8,34)
(7,34)1861744295(7,35)
(8,34)1769810377(9,34)
(8,34)1908022162(8,35)
(9,34)337377316(10,34)
(9,34)672006372(9,35)
(10,34)128037234(11,34)
(10,34)1904265134(10,35)
(11,34)20816727(12,34)
(11,34)280235290(11,35)
(12,34)1168387638(13,34)
(12,34)1245064059(12,35)
(13,34)2024124043(14,34)
(13,34)1411385508(13,35)
(14,34)2046846618(15,34)
(14,34)397013374(14,35)
(15,34)1840260467(16,34)
(15,34)1558639589(15,35)
(16,34)2071618843(17,34)
(16,34)2019383331(16,35)
(17,34)954459842(18,34)
(17,34)1425933435(17,35)
(18,34)669403522(19,34)
(18,34)1811666716(18,35)
(19,34)1949920662(20,34)
(19,34)303804616(19,35)
(20,34)2061777666(21,34)
(20,34)1135403553(20,35)
(21,34)1568270713(22,34)
(21,34)1316837794(21,35)
(22,34)1031098442(23,34)
(22,34)808217671(22,35)
(23,34)568756185(24,34)
(23,34)1818773960(23,35)
(24,34)343296684(25,34)
(24,34)653425171(24,35)
(25,34)410206657(26,34)
(25,34)906133501(25,35)
(26,34)1186368792(27,34)
(26,34)471333919(26,35)
(27,34)1716397978(28,34)
(27,34)431023385(27,35)
(28,34)1842408893(29,34)
(28,34)207272782(28,35)
(29,34)1593038373(29,35)
(0,35)1741771863(1,35)
(0,35)604286156(0,36)
(1,35)297062975(2,35)
(1,35)1004194314(1,36)
(2,35)928329509(3,35)
(2,35)1613671547(2,36)
(3,35)420647741(4,35)
(3,35)1722996410(3,36)
(4,35)244916284(5,35)
(4,35)592512578(4,36)
(5,35)394949592(6,35)
(5,35)724452357(5,36)
(6,35)638746375(7,35)
(6,35)1380319838(6,36)
(7,35)801106903(8,35)
(7,35)1711787387(7,36)
(8,35)595402181(9,35)
(8,35)1446964047(8,36)
(9,35)2015720232(10,35)
(9,35)472397215(9,36)
(10,35)815693900(11,35)
(10,35)1248827352(10,36)
(11,35)1659034009(12,35)
(11,35)774370086(11,36)
(12,35)1960738878(13,35)
(12,35)1287027819(12,36)
(13,35)855942149(14,35)
(13,35)2090057394(13,36)
(14,35)1784982640(15,35)
(14,35)20528012(14,36)
(15,35)624814168(16,35)
(15,35)301496874(15,36)
(16,35)1305691188(17,35)
(16,35)1379270855(16,36)
(17,35)845458754(18,35)
(17,35)921877143(17,36)
(18,35)497389905(19,35)
(18,35)86537050(18,36)
(19,35)679049628(20,35)
(19,35)1266106495(19,36)
(20,35)1990558852(21,35)
(20,35)742306190(20,36)
(21,35)2122626028(22,35)
(21,35)1073999220(21,36)
(22,35)638302959(23,35)
(22,35)481821580(22,36)
(23,35)1928785627(24,35)
(23,35)776249283(23,36)
(24,35)1248646498(25,35)
(24,35)1233705140(24,36)
(25,35)335048844(26,35)
(25,35)1797022211(25,36)
(26,35)423908649(27,35)
(26,35)2064340398(26,36)
(27,35)1203884569(28,35)
(27,35)1994082854(27,36)
(28,35)1936656600(29,35)
(28,35)237163879(28,36)
(29,35)2059826718(29,36)
(0,36)257691891(1,36)
(1,36)1574155592(2,36)
(2,36)213839944(3,36)
(3,36)882506059(4,36)
(4,36)805942800(5,36)
(5,36)1519531133(6,36)
(6,36)1804383202(7,36)
(7,36)1651401554(8,36)
(8,36)1606068183(9,36)
(9,36)154289460(10,36)
(10,36)770024402(11,36)
(11,36)137634163(12,36)
(12,36)896595650(13,36)
(13,36)613099606(14,36)
(14,36)1211633383(15,36)
(15,36)871738030(16,36)
(16,36)1094921186(17,36)
(17,36)1849936343(18,36)
(18,36)1647987313(19,36)
(19,36)876223165(20,36)
(20,36)936157835(21,36)
(21,36)749150163(22,36)
(22,36)525761729(23,36)
(23,36)1271206680(24,36)
(24,36)666006914(25,36)
(25,36)949670378(26,36)
(26,36)1117805886(27,36)
(27,36)1869891483(28,36)
(28,36)1186834258(29,36)
